#Temperatur, Messreihe #2
#Zeit ( s )	Temperatur ( °C )
0,0000	-21,6
0,2000	-21,6
0,4000	-21,5
0,6000	-21,5
0,8000	-21,5
1,0000	-21,5
1,2000	-21,4
1,4000	-21,4
1,6000	-21,3
1,8000	-21,3
2,0000	-21,2
2,2000	-21,2
2,4000	-21,1
2,6000	-21,0
2,8000	-21,0
3,0000	-20,9
3,2000	-20,8
3,4000	-20,7
3,6000	-20,7
3,8000	-20,6
4,0000	-20,5
4,2000	-20,4
4,4000	-20,3
4,6000	-20,2
4,8000	-20,1
5,0000	-20,0
5,2000	-19,9
5,4000	-19,8
5,6000	-19,7
5,8000	-19,6
6,0000	-19,5
6,2000	-19,3
6,4000	-19,2
6,6000	-19,1
6,8000	-19,0
7,0000	-18,9
7,2000	-18,8
7,4000	-18,6
7,6000	-18,5
7,8000	-18,4
8,0000	-18,3
8,2000	-18,1
8,4000	-18,0
8,6000	-17,9
8,8000	-17,8
9,0000	-17,6
9,2000	-17,5
9,4000	-17,4
9,6000	-17,3
9,8000	-17,1
10,0000	-17,0
10,2000	-16,9
10,4000	-16,7
10,6000	-16,6
10,8000	-16,5
11,0000	-16,3
11,2000	-16,2
11,4000	-16,1
11,6000	-16,0
11,8000	-15,8
12,0000	-15,7
12,2000	-15,6
12,4000	-15,4
12,6000	-15,3
12,8000	-15,2
13,0000	-15,0
13,2000	-14,9
13,4000	-14,8
13,6000	-14,6
13,8000	-14,5
14,0000	-14,4
14,2000	-14,2
14,4000	-14,1
14,6000	-14,0
14,8000	-13,9
15,0000	-13,7
15,2000	-13,6
15,4000	-13,5
15,6000	-13,3
15,8000	-13,2
16,0000	-13,1
16,2000	-12,9
16,4000	-12,8
16,6000	-12,7
16,8000	-12,6
17,0000	-12,4
17,2000	-12,3
17,4000	-12,2
17,6000	-12,0
17,8000	-11,9
18,0000	-11,8
18,2000	-11,7
18,4000	-11,5
18,6000	-11,4
18,8000	-11,3
19,0000	-11,1
19,2000	-11,0
19,4000	-10,9
19,6000	-10,8
19,8000	-10,6
20,0000	-10,5
20,2000	-10,4
20,4000	-10,3
20,6000	-10,1
20,8000	-10,0
21,0000	-9,9
21,2000	-9,8
21,4000	-9,7
21,6000	-9,5
21,8000	-9,4
22,0000	-9,3
22,2000	-9,2
22,4000	-9,0
22,6000	-8,9
22,8000	-8,8
23,0000	-8,7
23,2000	-8,6
23,4000	-8,4
23,6000	-8,3
23,8000	-8,2
24,0000	-8,1
24,2000	-8,0
24,4000	-7,9
24,6000	-7,7
24,8000	-7,6
25,0000	-7,5
25,2000	-7,4
25,4000	-7,3
25,6000	-7,2
25,8000	-7,1
26,0000	-6,9
26,2000	-6,8
26,4000	-6,7
26,6000	-6,6
26,8000	-6,5
27,0000	-6,4
27,2000	-6,3
27,4000	-6,2
27,6000	-6,1
27,8000	-5,9
28,0000	-5,8
28,2000	-5,7
28,4000	-5,6
28,6000	-5,5
28,8000	-5,4
29,0000	-5,3
29,2000	-5,2
29,4000	-5,1
29,6000	-5,0
29,8000	-4,9
30,0000	-4,8
30,2000	-4,7
30,4000	-4,6
30,6000	-4,4
30,8000	-4,3
31,0000	-4,3
31,2000	-4,2
31,4000	-4,1
31,6000	-4,0
31,8000	-3,9
32,0000	-3,8
32,2000	-3,7
32,4000	-3,6
32,6000	-3,5
32,8000	-3,4
33,0000	-3,3
33,2000	-3,2
33,4000	-3,1
33,6000	-3,1
33,8000	-3,0
34,0000	-2,9
34,2000	-2,8
34,4000	-2,7
34,6000	-2,7
34,8000	-2,6
35,0000	-2,5
35,2000	-2,4
35,4000	-2,4
35,6000	-2,3
35,8000	-2,2
36,0000	-2,2
36,2000	-2,1
36,4000	-2,0
36,6000	-2,0
36,8000	-1,9
37,0000	-1,8
37,2000	-1,8
37,4000	-1,7
37,6000	-1,7
37,8000	-1,6
38,0000	-1,5
38,2000	-1,5
38,4000	-1,4
38,6000	-1,4
38,8000	-1,3
39,0000	-1,3
39,2000	-1,3
39,4000	-1,2
39,6000	-1,2
39,8000	-1,1
40,0000	-1,1
40,2000	-1,0
40,4000	-1,0
40,6000	-1,0
40,8000	-0,9
41,0000	-0,9
41,2000	-0,9
41,4000	-0,8
41,6000	-0,8
41,8000	-0,8
42,0000	-0,7
42,2000	-0,7
42,4000	-0,7
42,6000	-0,7
42,8000	-0,6
43,0000	-0,6
43,2000	-0,6
43,4000	-0,6
43,6000	-0,5
43,8000	-0,5
44,0000	-0,5
44,2000	-0,5
44,4000	-0,5
44,6000	-0,4
44,8000	-0,4
45,0000	-0,4
45,2000	-0,4
45,4000	-0,4
45,6000	-0,3
45,8000	-0,3
46,0000	-0,3
46,2000	-0,3
46,4000	-0,3
46,6000	-0,3
46,8000	-0,2
47,0000	-0,2
47,2000	-0,2
47,4000	-0,2
47,6000	-0,2
47,8000	-0,2
48,0000	-0,2
48,2000	-0,1
48,4000	-0,1
48,6000	-0,1
48,8000	-0,1
49,0000	-0,1
49,2000	-0,1
49,4000	-0,1
49,6000	-0,1
49,8000	-0,1
50,0000	0,0
50,2000	0,0
50,4000	0,0
50,6000	0,0
50,8000	0,0
51,0000	0,0
51,2000	0,0
51,4000	0,0
51,6000	0,0
51,8000	0,0
52,0000	0,0
52,2000	0,0
52,4000	0,1
52,6000	0,1
52,8000	0,1
53,0000	0,1
53,2000	0,1
53,4000	0,1
53,6000	0,1
53,8000	0,1
54,0000	0,1
54,2000	0,1
54,4000	0,1
54,6000	0,1
54,8000	0,1
55,0000	0,1
55,2000	0,1
55,4000	0,1
55,6000	0,1
55,8000	0,2
56,0000	0,2
56,2000	0,2
56,4000	0,2
56,6000	0,2
56,8000	0,2
57,0000	0,2
57,2000	0,2
57,4000	0,2
57,6000	0,2
57,8000	0,2
58,0000	0,2
58,2000	0,2
58,4000	0,2
58,6000	0,2
58,8000	0,2
59,0000	0,2
59,2000	0,2
59,4000	0,2
59,6000	0,2
59,8000	0,2
60,0000	0,2
60,2000	0,2
60,4000	0,3
60,6000	0,3
60,8000	0,3
61,0000	0,3
61,2000	0,3
61,4000	0,3
61,6000	0,3
61,8000	0,3
62,0000	0,3
62,2000	0,3
62,4000	0,3
62,6000	0,3
62,8000	0,3
63,0000	0,3
63,2000	0,3
63,4000	0,3
63,6000	0,3
63,8000	0,3
64,0000	0,3
64,2000	0,3
64,4000	0,3
64,6000	0,3
64,8000	0,3
65,0000	0,3
65,2000	0,3
65,4000	0,3
65,6000	0,3
65,8000	0,3
66,0000	0,3
66,2000	0,3
66,4000	0,4
66,6000	0,4
66,8000	0,4
67,0000	0,4
67,2000	0,4
67,4000	0,4
67,6000	0,4
67,8000	0,4
68,0000	0,4
68,2000	0,4
68,4000	0,4
68,6000	0,4
68,8000	0,4
69,0000	0,4
69,2000	0,4
69,4000	0,4
69,6000	0,4
69,8000	0,4
70,0000	0,4
70,2000	0,4
70,4000	0,4
70,6000	0,4
70,8000	0,4
71,0000	0,4
71,2000	0,4
71,4000	0,4
71,6000	0,4
71,8000	0,4
72,0000	0,4
72,2000	0,4
72,4000	0,4
72,6000	0,4
72,8000	0,4
73,0000	0,4
73,2000	0,5
73,4000	0,5
73,6000	0,5
73,8000	0,5
74,0000	0,5
74,2000	0,5
74,4000	0,5
74,6000	0,5
74,8000	0,5
75,0000	0,5
75,2000	0,5
75,4000	0,5
75,6000	0,5
75,8000	0,5
76,0000	0,5
76,2000	0,5
76,4000	0,5
76,6000	0,5
76,8000	0,5
77,0000	0,5
77,2000	0,5
77,4000	0,5
77,6000	0,5
77,8000	0,5
78,0000	0,5
78,2000	0,5
78,4000	0,5
78,6000	0,5
78,8000	0,5
79,0000	0,5
79,2000	0,5
79,4000	0,5
79,6000	0,5
79,8000	0,5
80,0000	0,5
80,2000	0,5
80,4000	0,5
80,6000	0,5
80,8000	0,6
81,0000	0,6
81,2000	0,6
81,4000	0,6
81,6000	0,6
81,8000	0,6
82,0000	0,6
82,2000	0,6
82,4000	0,6
82,6000	0,6
82,8000	0,6
83,0000	0,6
83,2000	0,6
83,4000	0,6
83,6000	0,6
83,8000	0,6
84,0000	0,6
84,2000	0,6
84,4000	0,6
84,6000	0,6
84,8000	0,6
85,0000	0,6
85,2000	0,6
85,4000	0,6
85,6000	0,6
85,8000	0,6
86,0000	0,6
86,2000	0,6
86,4000	0,6
86,6000	0,6
86,8000	0,6
87,0000	0,6
87,2000	0,6
87,4000	0,6
87,6000	0,6
87,8000	0,6
88,0000	0,6
88,2000	0,6
88,4000	0,6
88,6000	0,6
88,8000	0,6
89,0000	0,6
89,2000	0,6
89,4000	0,6
89,6000	0,6
89,8000	0,6
90,0000	0,7
90,2000	0,7
90,4000	0,7
90,6000	0,7
90,8000	0,7
91,0000	0,7
91,2000	0,7
91,4000	0,7
91,6000	0,7
91,8000	0,7
92,0000	0,7
92,2000	0,7
92,4000	0,7
92,6000	0,7
92,8000	0,7
93,0000	0,7
93,2000	0,7
93,4000	0,7
93,6000	0,7
93,8000	0,7
94,0000	0,7
94,2000	0,7
94,4000	0,7
94,6000	0,7
94,8000	0,7
95,0000	0,7
95,2000	0,7
95,4000	0,7
95,6000	0,7
95,8000	0,7
96,0000	0,7
96,2000	0,7
96,4000	0,7
96,6000	0,7
96,8000	0,7
97,0000	0,7
97,2000	0,7
97,4000	0,7
97,6000	0,7
97,8000	0,7
98,0000	0,7
98,2000	0,7
98,4000	0,7
98,6000	0,7
98,8000	0,7
99,0000	0,7
99,2000	0,7
99,4000	0,7
99,6000	0,8
99,8000	0,8
100,0000	0,8
100,2000	0,8
100,4000	0,8
100,6000	0,8
100,8000	0,8
101,0000	0,8
101,2000	0,8
101,4000	0,8
101,6000	0,8
101,8000	0,8
102,0000	0,8
102,2000	0,8
102,4000	0,8
102,6000	0,8
102,8000	0,8
103,0000	0,8
103,2000	0,8
103,4000	0,8
103,6000	0,8
103,8000	0,8
104,0000	0,8
104,2000	0,8
104,4000	0,8
104,6000	0,8
104,8000	0,8
105,0000	0,8
105,2000	0,8
105,4000	0,8
105,6000	0,8
105,8000	0,8
106,0000	0,8
106,2000	0,8
106,4000	0,8
106,6000	0,8
106,8000	0,8
107,0000	0,8
107,2000	0,8
107,4000	0,8
107,6000	0,8
107,8000	0,8
108,0000	0,8
108,2000	0,8
108,4000	0,8
108,6000	0,8
108,8000	0,8
109,0000	0,8
109,2000	0,8
109,4000	0,8
109,6000	0,8
109,8000	0,8
110,0000	0,8
110,2000	0,9
110,4000	0,9
110,6000	0,9
110,8000	0,9
111,0000	0,9
111,2000	0,9
111,4000	0,9
111,6000	0,9
111,8000	0,9
112,0000	0,9
112,2000	0,9
112,4000	0,9
112,6000	0,9
112,8000	0,9
113,0000	0,9
113,2000	0,9
113,4000	0,9
113,6000	0,9
113,8000	0,9
114,0000	0,9
114,2000	0,9
114,4000	0,9
114,6000	0,9
114,8000	0,9
115,0000	0,9
115,2000	0,9
115,4000	0,9
115,6000	0,9
115,8000	0,9
116,0000	0,9
116,2000	0,9
116,4000	0,9
116,6000	0,9
116,8000	0,9
117,0000	0,9
117,2000	0,9
117,4000	0,9
117,6000	0,9
117,8000	0,9
118,0000	0,9
118,2000	0,9
118,4000	0,9
118,6000	0,9
118,8000	0,9
119,0000	0,9
119,2000	0,9
119,4000	0,9
119,6000	0,9
119,8000	0,9
120,0000	0,9
120,2000	0,9
120,4000	0,9
120,6000	0,9
120,8000	1,0
121,0000	0,9
121,2000	1,0
121,4000	1,0
121,6000	1,0
121,8000	1,0
122,0000	1,0
122,2000	1,0
122,4000	1,0
122,6000	1,0
122,8000	1,0
123,0000	1,0
123,2000	1,0
123,4000	1,0
123,6000	1,0
123,8000	1,0
124,0000	1,0
124,2000	1,0
124,4000	1,0
124,6000	1,0
124,8000	1,0
125,0000	1,0
125,2000	1,0
125,4000	1,0
125,6000	1,0
125,8000	1,0
126,0000	1,0
126,2000	1,0
126,4000	1,0
126,6000	1,0
126,8000	1,0
127,0000	1,0
127,2000	1,0
127,4000	1,0
127,6000	1,0
127,8000	1,0
128,0000	1,0
128,2000	1,0
128,4000	1,0
128,6000	1,0
128,8000	1,0
129,0000	1,0
129,2000	1,0
129,4000	1,0
129,6000	1,0
129,8000	1,0
130,0000	1,0
130,2000	1,0
130,4000	1,0
130,6000	1,0
130,8000	1,0
131,0000	1,0
131,2000	1,0
131,4000	1,0
131,6000	1,0
131,8000	1,1
132,0000	1,1
132,2000	1,1
132,4000	1,1
132,6000	1,1
132,8000	1,1
133,0000	1,1
133,2000	1,1
133,4000	1,1
133,6000	1,1
133,8000	1,1
134,0000	1,1
134,2000	1,1
134,4000	1,1
134,6000	1,1
134,8000	1,1
135,0000	1,1
135,2000	1,1
135,4000	1,1
135,6000	1,1
135,8000	1,1
136,0000	1,1
136,2000	1,1
136,4000	1,1
136,6000	1,1
136,8000	1,1
137,0000	1,1
137,2000	1,1
137,4000	1,1
137,6000	1,1
137,8000	1,1
138,0000	1,1
138,2000	1,1
138,4000	1,1
138,6000	1,1
138,8000	1,1
139,0000	1,1
139,2000	1,1
139,4000	1,1
139,6000	1,1
139,8000	1,1
140,0000	1,1
140,2000	1,1
140,4000	1,1
140,6000	1,1
140,8000	1,1
141,0000	1,1
141,2000	1,1
141,4000	1,1
141,6000	1,1
141,8000	1,1
142,0000	1,1
142,2000	1,1
142,4000	1,2
142,6000	1,2
142,8000	1,2
143,0000	1,2
143,2000	1,2
143,4000	1,2
143,6000	1,2
143,8000	1,2
144,0000	1,2
144,2000	1,2
144,4000	1,2
144,6000	1,2
144,8000	1,2
145,0000	1,2
145,2000	1,2
145,4000	1,2
145,6000	1,2
145,8000	1,2
146,0000	1,2
146,2000	1,2
146,4000	1,2
146,6000	1,2
146,8000	1,2
147,0000	1,2
147,2000	1,2
147,4000	1,2
147,6000	1,2
147,8000	1,2
148,0000	1,2
148,2000	1,2
148,4000	1,2
148,6000	1,2
148,8000	1,2
149,0000	1,2
149,2000	1,2
149,4000	1,2
149,6000	1,2
149,8000	1,2
150,0000	1,2
150,2000	1,2
150,4000	1,2
150,6000	1,2
150,8000	1,2
151,0000	1,2
151,2000	1,2
151,4000	1,2
151,6000	1,3
151,8000	1,3
152,0000	1,3
152,2000	1,3
152,4000	1,3
152,6000	1,3
152,8000	1,3
153,0000	1,3
153,2000	1,3
153,4000	1,3
153,6000	1,3
153,8000	1,3
154,0000	1,3
154,2000	1,3
154,4000	1,3
154,6000	1,3
154,8000	1,3
155,0000	1,3
155,2000	1,3
155,4000	1,3
155,6000	1,3
155,8000	1,3
156,0000	1,3
156,2000	1,3
156,4000	1,3
156,6000	1,3
156,8000	1,3
157,0000	1,3
157,2000	1,3
157,4000	1,3
157,6000	1,3
157,8000	1,3
158,0000	1,3
158,2000	1,4
158,4000	1,4
158,6000	1,4
158,8000	1,4
159,0000	1,4
159,2000	1,4
159,4000	1,4
159,6000	1,4
159,8000	1,4
160,0000	1,4
160,2000	1,4
160,4000	1,4
160,6000	1,4
160,8000	1,4
161,0000	1,4
161,2000	1,4
161,4000	1,4
161,6000	1,4
161,8000	1,4
162,0000	1,4
162,2000	1,4
162,4000	1,4
162,6000	1,4
162,8000	1,4
163,0000	1,4
163,2000	1,4
163,4000	1,4
163,6000	1,4
163,8000	1,4
164,0000	1,4
164,2000	1,4
164,4000	1,5
164,6000	1,5
164,8000	1,5
165,0000	1,5
165,2000	1,5
165,4000	1,5
165,6000	1,5
165,8000	1,5
166,0000	1,5
166,2000	1,5
166,4000	1,5
166,6000	1,5
166,8000	1,5
167,0000	1,5
167,2000	1,5
167,4000	1,5
167,6000	1,5
167,8000	1,6
168,0000	1,6
168,2000	1,6
168,4000	1,6
168,6000	1,6
168,8000	1,6
169,0000	1,6
169,2000	1,6
169,4000	1,6
169,6000	1,6
169,8000	1,6
170,0000	1,6
170,2000	1,6
170,4000	1,6
170,6000	1,6
170,8000	1,6
171,0000	1,6
171,2000	1,6
171,4000	1,6
171,6000	1,6
171,8000	1,6
172,0000	1,6
172,2000	1,6
172,4000	1,6
172,6000	1,6
172,8000	1,6
173,0000	1,6
173,2000	1,6
173,4000	1,6
173,6000	1,6
173,8000	1,6
174,0000	1,6
174,2000	1,6
174,4000	1,6
174,6000	1,6
174,8000	1,6
175,0000	1,6
175,2000	1,6
175,4000	1,6
175,6000	1,7
175,8000	1,7
176,0000	1,7
176,2000	1,7
176,4000	1,7
176,6000	1,7
176,8000	1,7
177,0000	1,7
177,2000	1,7
177,4000	1,7
177,6000	1,7
177,8000	1,7
178,0000	1,7
178,2000	1,7
178,4000	1,7
178,6000	1,7
178,8000	1,7
179,0000	1,7
179,2000	1,7
179,4000	1,7
179,6000	1,7
179,8000	1,7
180,0000	1,7
180,2000	1,7
180,4000	1,7
180,6000	1,7
180,8000	1,7
181,0000	1,8
181,2000	1,8
181,4000	1,8
181,6000	1,8
181,8000	1,8
182,0000	1,8
182,2000	1,8
182,4000	1,8
182,6000	1,8
182,8000	1,8
183,0000	1,8
183,2000	1,8
183,4000	1,8
183,6000	1,8
183,8000	1,8
184,0000	1,8
184,2000	1,8
184,4000	1,8
184,6000	1,8
184,8000	1,8
185,0000	1,8
185,2000	1,8
185,4000	1,8
185,6000	1,8
185,8000	1,9
186,0000	1,9
186,2000	1,9
186,4000	1,9
186,6000	1,9
186,8000	1,9
187,0000	1,9
187,2000	1,9
187,4000	1,9
187,6000	1,9
187,8000	1,9
188,0000	1,9
188,2000	1,9
188,4000	1,9
188,6000	1,9
188,8000	1,9
189,0000	1,9
189,2000	1,9
189,4000	1,9
189,6000	1,9
189,8000	1,9
190,0000	2,0
190,2000	2,0
190,4000	2,0
190,6000	2,0
190,8000	2,0
191,0000	2,0
191,2000	2,0
191,4000	2,0
191,6000	2,0
191,8000	2,0
192,0000	2,0
192,2000	2,0
192,4000	2,0
192,6000	2,0
192,8000	2,0
193,0000	2,0
193,2000	2,0
193,4000	2,0
193,6000	2,1
193,8000	2,1
194,0000	2,1
194,2000	2,1
194,4000	2,1
194,6000	2,1
194,8000	2,1
195,0000	2,1
195,2000	2,1
195,4000	2,1
195,6000	2,1
195,8000	2,1
196,0000	2,1
196,2000	2,1
196,4000	2,1
196,6000	2,1
196,8000	2,2
197,0000	2,2
197,2000	2,2
197,4000	2,2
197,6000	2,2
197,8000	2,2
198,0000	2,2
198,2000	2,2
198,4000	2,2
198,6000	2,2
198,8000	2,2
199,0000	2,3
199,2000	2,3
199,4000	2,3
199,6000	2,3
199,8000	2,3
200,0000	2,3
200,2000	2,3
200,4000	2,3
200,6000	2,3
200,8000	2,4
201,0000	2,4
201,2000	2,4
201,4000	2,4
201,6000	2,4
201,8000	2,4
202,0000	2,4
202,2000	2,5
202,4000	2,5
202,6000	2,5
202,8000	2,5
203,0000	2,5
203,2000	2,5
203,4000	2,6
203,6000	2,6
203,8000	2,6
204,0000	2,6
204,2000	2,7
204,4000	2,7
204,6000	2,7
204,8000	2,7
205,0000	2,7
205,2000	2,8
205,4000	2,8
205,6000	2,8
205,8000	2,8
206,0000	2,9
206,2000	2,9
206,4000	2,9
206,6000	3,0
206,8000	3,0
207,0000	3,0
207,2000	3,1
207,4000	3,1
207,6000	3,1
207,8000	3,2
208,0000	3,2
208,2000	3,3
208,4000	3,3
208,6000	3,4
208,8000	3,4
209,0000	3,5
209,2000	3,5
209,4000	3,6
209,6000	3,7
209,8000	3,7
210,0000	3,8
210,2000	3,9
210,4000	3,9
210,6000	4,0
210,8000	4,1
211,0000	4,2
211,2000	4,2
211,4000	4,3
211,6000	4,4
211,8000	4,5
212,0000	4,6
212,2000	4,7
212,4000	4,7
212,6000	4,8
212,8000	4,9
213,0000	5,0
213,2000	5,1
213,4000	5,2
213,6000	5,3
213,8000	5,4
214,0000	5,4
214,2000	5,5
214,4000	5,6
214,6000	5,7
214,8000	5,8
215,0000	5,9
215,2000	6,0
215,4000	6,0
215,6000	6,1
215,8000	6,2
216,0000	6,3
216,2000	6,4
216,4000	6,5
216,6000	6,6
216,8000	6,6
217,0000	6,7
217,2000	6,8
217,4000	6,9
217,6000	7,0
217,8000	7,1
218,0000	7,2
218,2000	7,2
218,4000	7,3
218,6000	7,4
218,8000	7,5
219,0000	7,6
219,2000	7,6
219,4000	7,7
219,6000	7,8
219,8000	7,9
220,0000	8,0
220,2000	8,0
220,4000	8,1
220,6000	8,2
220,8000	8,3
221,0000	8,4
221,2000	8,4
221,4000	8,5
221,6000	8,6
221,8000	8,7
222,0000	8,7
222,2000	8,8
222,4000	8,9
222,6000	9,0
222,8000	9,1
223,0000	9,1
223,2000	9,2
223,4000	9,3
223,6000	9,4
223,8000	9,4
224,0000	9,5
224,2000	9,6
224,4000	9,7
224,6000	9,8
224,8000	9,8
225,0000	9,9
225,2000	10,0
225,4000	10,1
225,6000	10,2
225,8000	10,2
226,0000	10,3
226,2000	10,4
226,4000	10,5
226,6000	10,5
226,8000	10,6
227,0000	10,7
227,2000	10,8
227,4000	10,9
227,6000	10,9
227,8000	11,0
228,0000	11,1
228,2000	11,2
228,4000	11,3
228,6000	11,3
228,8000	11,4
229,0000	11,5
229,2000	11,6
229,4000	11,7
229,6000	11,7
229,8000	11,8
230,0000	11,9
230,2000	12,0
230,4000	12,0
230,6000	12,1
230,8000	12,2
231,0000	12,3
231,2000	12,4
231,4000	12,4
231,6000	12,5
231,8000	12,6
232,0000	12,7
232,2000	12,8
232,4000	12,9
232,6000	13,0
232,8000	13,0
233,0000	13,1
233,2000	13,2
233,4000	13,3
233,6000	13,4
233,8000	13,5
234,0000	13,6
234,2000	13,7
234,4000	13,8
234,6000	13,8
234,8000	13,9
235,0000	14,0
235,2000	14,1
235,4000	14,2
235,6000	14,3
235,8000	14,4
236,0000	14,5
236,2000	14,6
236,4000	14,7
236,6000	14,8
236,8000	14,9
237,0000	14,9
237,2000	15,0
237,4000	15,1
237,6000	15,2
237,8000	15,3
238,0000	15,4
238,2000	15,5
238,4000	15,6
238,6000	15,7
238,8000	15,8
239,0000	15,9
239,2000	15,9
239,4000	16,0
239,6000	16,1
239,8000	16,2
240,0000	16,3
240,2000	16,4
240,4000	16,5
240,6000	16,6
240,8000	16,6
241,0000	16,7
241,2000	16,8
241,4000	16,9
241,6000	17,0
241,8000	17,1
242,0000	17,2
242,2000	17,2
242,4000	17,3
242,6000	17,4
242,8000	17,5
243,0000	17,6
243,2000	17,7
243,4000	17,7
243,6000	17,8
243,8000	17,9
244,0000	18,0
244,2000	18,1
244,4000	18,2
244,6000	18,2
244,8000	18,3
245,0000	18,4
245,2000	18,5
245,4000	18,6
245,6000	18,6
245,8000	18,7
246,0000	18,8
246,2000	18,9
246,4000	19,0
246,6000	19,0
246,8000	19,1
247,0000	19,2
247,2000	19,3
247,4000	19,3
247,6000	19,4
247,8000	19,5
248,0000	19,6
248,2000	19,6
248,4000	19,7
248,6000	19,8
248,8000	19,9
249,0000	19,9
249,2000	20,0
249,4000	20,1
249,6000	20,2
249,8000	20,2
250,0000	20,3
250,2000	20,4
250,4000	20,5
250,6000	20,5
250,8000	20,6
251,0000	20,7
251,2000	20,7
251,4000	20,8
251,6000	20,9
251,8000	21,0
252,0000	21,0
252,2000	21,1
252,4000	21,2
252,6000	21,3
252,8000	21,3
253,0000	21,4
253,2000	21,5
253,4000	21,5
253,6000	21,6
253,8000	21,7
254,0000	21,8
254,2000	21,8
254,4000	21,9
254,6000	22,0
254,8000	22,0
255,0000	22,1
255,2000	22,2
255,4000	22,3
255,6000	22,3
255,8000	22,4
256,0000	22,5
256,2000	22,5
256,4000	22,6
256,6000	22,7
256,8000	22,8
257,0000	22,8
257,2000	22,9
257,4000	23,0
257,6000	23,0
257,8000	23,1
258,0000	23,2
258,2000	23,2
258,4000	23,3
258,6000	23,4
258,8000	23,5
259,0000	23,5
259,2000	23,6
259,4000	23,7
259,6000	23,7
259,8000	23,8
260,0000	23,9
260,2000	24,0
260,4000	24,0
260,6000	24,1
260,8000	24,2
261,0000	24,2
261,2000	24,3
261,4000	24,4
261,6000	24,4
261,8000	24,5
262,0000	24,6
262,2000	24,6
262,4000	24,7
262,6000	24,8
262,8000	24,9
263,0000	24,9
263,2000	25,0
263,4000	25,1
263,6000	25,1
263,8000	25,2
264,0000	25,3
264,2000	25,3
264,4000	25,4
264,6000	25,5
264,8000	25,5
265,0000	25,6
265,2000	25,7
265,4000	25,7
265,6000	25,8
265,8000	25,9
266,0000	25,9
266,2000	26,0
266,4000	26,1
266,6000	26,1
266,8000	26,2
267,0000	26,3
267,2000	26,3
267,4000	26,4
267,6000	26,5
267,8000	26,5
268,0000	26,6
268,2000	26,7
268,4000	26,7
268,6000	26,8
268,8000	26,9
269,0000	26,9
269,2000	27,0
269,4000	27,1
269,6000	27,1
269,8000	27,2
270,0000	27,3
270,2000	27,3
270,4000	27,4
270,6000	27,5
270,8000	27,5
271,0000	27,6
271,2000	27,7
271,4000	27,8
271,6000	27,8
271,8000	27,9
272,0000	28,0
272,2000	28,0
272,4000	28,1
272,6000	28,2
272,8000	28,2
273,0000	28,3
273,2000	28,4
273,4000	28,4
273,6000	28,5
273,8000	28,6
274,0000	28,6
274,2000	28,7
274,4000	28,8
274,6000	28,8
274,8000	28,9
275,0000	29,0
275,2000	29,0
275,4000	29,1
275,6000	29,2
275,8000	29,2
276,0000	29,3
276,2000	29,4
276,4000	29,4
276,6000	29,5
276,8000	29,6
277,0000	29,6
277,2000	29,7
277,4000	29,7
277,6000	29,8
277,8000	29,9
278,0000	29,9
278,2000	30,0
278,4000	30,1
278,6000	30,1
278,8000	30,2
279,0000	30,3
279,2000	30,3
279,4000	30,4
279,6000	30,5
279,8000	30,5
280,0000	30,6
280,2000	30,7
280,4000	30,7
280,6000	30,8
280,8000	30,9
281,0000	30,9
281,2000	31,0
281,4000	31,0
281,6000	31,1
281,8000	31,2
282,0000	31,2
282,2000	31,3
282,4000	31,4
282,6000	31,4
282,8000	31,5
283,0000	31,6
283,2000	31,6
283,4000	31,7
283,6000	31,7
283,8000	31,8
284,0000	31,9
284,2000	31,9
284,4000	32,0
284,6000	32,1
284,8000	32,1
285,0000	32,2
285,2000	32,2
285,4000	32,3
285,6000	32,4
285,8000	32,4
286,0000	32,5
286,2000	32,6
286,4000	32,6
286,6000	32,7
286,8000	32,7
287,0000	32,8
287,2000	32,9
287,4000	32,9
287,6000	33,0
287,8000	33,1
288,0000	33,1
288,2000	33,2
288,4000	33,2
288,6000	33,3
288,8000	33,3
289,0000	33,4
289,2000	33,5
289,4000	33,5
289,6000	33,6
289,8000	33,6
290,0000	33,7
290,2000	33,8
290,4000	33,8
290,6000	33,9
290,8000	33,9
291,0000	34,0
291,2000	34,1
291,4000	34,1
291,6000	34,2
291,8000	34,2
292,0000	34,3
292,2000	34,4
292,4000	34,4
292,6000	34,5
292,8000	34,5
293,0000	34,6
293,2000	34,6
293,4000	34,7
293,6000	34,8
293,8000	34,8
294,0000	34,9
294,2000	34,9
294,4000	35,0
294,6000	35,1
294,8000	35,1
295,0000	35,2
295,2000	35,2
295,4000	35,3
295,6000	35,4
295,8000	35,4
296,0000	35,5
296,2000	35,5
296,4000	35,6
296,6000	35,6
296,8000	35,7
297,0000	35,8
297,2000	35,8
297,4000	35,9
297,6000	35,9
297,8000	36,0
298,0000	36,0
298,2000	36,1
298,4000	36,2
298,6000	36,2
298,8000	36,3
299,0000	36,3
299,2000	36,4
299,4000	36,4
299,6000	36,5
299,8000	36,6
300,0000	36,6
300,2000	36,7
300,4000	36,7
300,6000	36,8
300,8000	36,8
301,0000	36,9
301,2000	37,0
301,4000	37,0
301,6000	37,1
301,8000	37,1
302,0000	37,2
302,2000	37,2
302,4000	37,3
302,6000	37,3
302,8000	37,4
303,0000	37,4
303,2000	37,5
303,4000	37,5
303,6000	37,6
303,8000	37,7
304,0000	37,7
304,2000	37,8
304,4000	37,8
304,6000	37,9
304,8000	37,9
305,0000	38,0
305,2000	38,0
305,4000	38,1
305,6000	38,1
305,8000	38,2
306,0000	38,2
306,2000	38,3
306,4000	38,3
306,6000	38,4
306,8000	38,4
307,0000	38,5
307,2000	38,6
307,4000	38,6
307,6000	38,7
307,8000	38,7
308,0000	38,8
308,2000	38,8
308,4000	38,9
308,6000	38,9
308,8000	39,0
309,0000	39,0
309,2000	39,1
309,4000	39,1
309,6000	39,2
309,8000	39,2
310,0000	39,3
310,2000	39,3
310,4000	39,4
310,6000	39,4
310,8000	39,5
311,0000	39,6
311,2000	39,6
311,4000	39,7
311,6000	39,7
311,8000	39,8
312,0000	39,8
312,2000	39,9
312,4000	39,9
312,6000	40,0
312,8000	40,0
313,0000	40,1
313,2000	40,1
313,4000	40,2
313,6000	40,2
313,8000	40,3
314,0000	40,3
314,2000	40,4
314,4000	40,4
314,6000	40,5
314,8000	40,5
315,0000	40,6
315,2000	40,6
315,4000	40,7
315,6000	40,7
315,8000	40,8
316,0000	40,8
316,2000	40,9
316,4000	40,9
316,6000	41,0
316,8000	41,0
317,0000	41,1
317,2000	41,1
317,4000	41,2
317,6000	41,2
317,8000	41,3
318,0000	41,3
318,2000	41,4
318,4000	41,4
318,6000	41,5
318,8000	41,5
319,0000	41,6
319,2000	41,6
319,4000	41,7
319,6000	41,7
319,8000	41,8
320,0000	41,8
320,2000	41,9
320,4000	41,9
320,6000	42,0
320,8000	42,0
321,0000	42,1
321,2000	42,1
321,4000	42,2
321,6000	42,2
321,8000	42,3
322,0000	42,3
322,2000	42,4
322,4000	42,4
322,6000	42,4
322,8000	42,5
323,0000	42,5
323,2000	42,6
323,4000	42,6
323,6000	42,7
323,8000	42,7
324,0000	42,8
324,2000	42,8
324,4000	42,9
324,6000	42,9
324,8000	43,0
325,0000	43,0
325,2000	43,1
325,4000	43,1
325,6000	43,2
325,8000	43,2
326,0000	43,3
326,2000	43,3
326,4000	43,4
326,6000	43,4
326,8000	43,4
327,0000	43,5
327,2000	43,5
327,4000	43,6
327,6000	43,6
327,8000	43,7
328,0000	43,7
328,2000	43,8
328,4000	43,8
328,6000	43,9
328,8000	43,9
329,0000	44,0
329,2000	44,0
329,4000	44,1
329,6000	44,1
329,8000	44,1
330,0000	44,2
330,2000	44,2
330,4000	44,3
330,6000	44,3
330,8000	44,4
331,0000	44,4
331,2000	44,5
331,4000	44,5
331,6000	44,6
331,8000	44,6
332,0000	44,6
332,2000	44,7
332,4000	44,7
332,6000	44,8
332,8000	44,8
333,0000	44,9
333,2000	44,9
333,4000	45,0
333,6000	45,0
333,8000	45,1
334,0000	45,1
334,2000	45,2
334,4000	45,2
334,6000	45,2
334,8000	45,3
335,0000	45,3
335,2000	45,4
335,4000	45,4
335,6000	45,5
335,8000	45,5
336,0000	45,5
336,2000	45,6
336,4000	45,6
336,6000	45,7
336,8000	45,7
337,0000	45,8
337,2000	45,8
337,4000	45,9
337,6000	45,9
337,8000	45,9
338,0000	46,0
338,2000	46,0
338,4000	46,1
338,6000	46,1
338,8000	46,2
339,0000	46,2
339,2000	46,3
339,4000	46,3
339,6000	46,3
339,8000	46,4
340,0000	46,4
340,2000	46,5
340,4000	46,5
340,6000	46,6
340,8000	46,6
341,0000	46,6
341,2000	46,7
341,4000	46,7
341,6000	46,8
341,8000	46,8
342,0000	46,9
342,2000	46,9
342,4000	46,9
342,6000	47,0
342,8000	47,0
343,0000	47,1
343,2000	47,1
343,4000	47,2
343,6000	47,2
343,8000	47,2
344,0000	47,3
344,2000	47,3
344,4000	47,4
344,6000	47,4
344,8000	47,4
345,0000	47,5
345,2000	47,5
345,4000	47,6
345,6000	47,6
345,8000	47,7
346,0000	47,7
346,2000	47,7
346,4000	47,8
346,6000	47,8
346,8000	47,9
347,0000	47,9
347,2000	47,9
347,4000	48,0
347,6000	48,0
347,8000	48,1
348,0000	48,1
348,2000	48,2
348,4000	48,2
348,6000	48,2
348,8000	48,3
349,0000	48,3
349,2000	48,4
349,4000	48,4
349,6000	48,4
349,8000	48,5
350,0000	48,5
350,2000	48,6
350,4000	48,6
350,6000	48,7
350,8000	48,7
351,0000	48,7
351,2000	48,8
351,4000	48,8
351,6000	48,9
351,8000	48,9
352,0000	48,9
352,2000	49,0
352,4000	49,0
352,6000	49,1
352,8000	49,1
353,0000	49,2
353,2000	49,2
353,4000	49,2
353,6000	49,3
353,8000	49,3
354,0000	49,4
354,2000	49,4
354,4000	49,4
354,6000	49,5
354,8000	49,5
355,0000	49,6
355,2000	49,6
355,4000	49,6
355,6000	49,7
355,8000	49,7
356,0000	49,8
356,2000	49,8
356,4000	49,8
356,6000	49,9
356,8000	49,9
357,0000	49,9
357,2000	50,0
357,4000	50,0
357,6000	50,1
357,8000	50,1
358,0000	50,1
358,2000	50,2
358,4000	50,2
358,6000	50,2
358,8000	50,3
359,0000	50,3
359,2000	50,4
359,4000	50,4
359,6000	50,4
359,8000	50,5
360,0000	50,5
360,2000	50,5
360,4000	50,6
360,6000	50,6
360,8000	50,7
361,0000	50,7
361,2000	50,7
361,4000	50,8
361,6000	50,8
361,8000	50,8
362,0000	50,9
362,2000	50,9
362,4000	51,0
362,6000	51,0
362,8000	51,0
363,0000	51,1
363,2000	51,1
363,4000	51,2
363,6000	51,2
363,8000	51,2
364,0000	51,3
364,2000	51,3
364,4000	51,3
364,6000	51,4
364,8000	51,4
365,0000	51,4
365,2000	51,5
365,4000	51,5
365,6000	51,6
365,8000	51,6
366,0000	51,6
366,2000	51,7
366,4000	51,7
366,6000	51,7
366,8000	51,8
367,0000	51,8
367,2000	51,8
367,4000	51,9
367,6000	51,9
367,8000	52,0
368,0000	52,0
368,2000	52,0
368,4000	52,1
368,6000	52,1
368,8000	52,1
369,0000	52,2
369,2000	52,2
369,4000	52,2
369,6000	52,3
369,8000	52,3
370,0000	52,3
370,2000	52,4
370,4000	52,4
370,6000	52,5
370,8000	52,5
371,0000	52,5
371,2000	52,6
371,4000	52,6
371,6000	52,6
371,8000	52,7
372,0000	52,7
372,2000	52,7
372,4000	52,8
372,6000	52,8
372,8000	52,8
373,0000	52,9
373,2000	52,9
373,4000	52,9
373,6000	53,0
373,8000	53,0
374,0000	53,0
374,2000	53,1
374,4000	53,1
374,6000	53,1
374,8000	53,2
375,0000	53,2
375,2000	53,2
375,4000	53,3
375,6000	53,3
375,8000	53,4
376,0000	53,4
376,2000	53,4
376,4000	53,5
376,6000	53,5
376,8000	53,5
377,0000	53,6
377,2000	53,6
377,4000	53,6
377,6000	53,7
377,8000	53,7
378,0000	53,7
378,2000	53,8
378,4000	53,8
378,6000	53,8
378,8000	53,9
379,0000	53,9
379,2000	53,9
379,4000	54,0
379,6000	54,0
379,8000	54,0
380,0000	54,1
380,2000	54,1
380,4000	54,1
380,6000	54,2
380,8000	54,2
381,0000	54,2
381,2000	54,3
381,4000	54,3
381,6000	54,3
381,8000	54,4
382,0000	54,4
382,2000	54,4
382,4000	54,5
382,6000	54,5
382,8000	54,5
383,0000	54,6
383,2000	54,6
383,4000	54,6
383,6000	54,7
383,8000	54,7
384,0000	54,7
384,2000	54,8
384,4000	54,8
384,6000	54,8
384,8000	54,9
385,0000	54,9
385,2000	54,9
385,4000	55,0
385,6000	55,0
385,8000	55,0
386,0000	55,1
386,2000	55,1
386,4000	55,1
386,6000	55,2
386,8000	55,2
387,0000	55,2
387,2000	55,3
387,4000	55,3
387,6000	55,3
387,8000	55,4
388,0000	55,4
388,2000	55,4
388,4000	55,5
388,6000	55,5
388,8000	55,5
389,0000	55,6
389,2000	55,6
389,4000	55,6
389,6000	55,7
389,8000	55,7
390,0000	55,7
390,2000	55,7
390,4000	55,8
390,6000	55,8
390,8000	55,8
391,0000	55,9
391,2000	55,9
391,4000	55,9
391,6000	56,0
391,8000	56,0
392,0000	56,0
392,2000	56,1
392,4000	56,1
392,6000	56,1
392,8000	56,2
393,0000	56,2
393,2000	56,2
393,4000	56,2
393,6000	56,3
393,8000	56,3
394,0000	56,3
394,2000	56,4
394,4000	56,4
394,6000	56,4
394,8000	56,4
395,0000	56,5
395,2000	56,5
395,4000	56,5
395,6000	56,6
395,8000	56,6
396,0000	56,6
396,2000	56,7
396,4000	56,7
396,6000	56,7
396,8000	56,7
397,0000	56,8
397,2000	56,8
397,4000	56,8
397,6000	56,9
397,8000	56,9
398,0000	56,9
398,2000	57,0
398,4000	57,0
398,6000	57,0
398,8000	57,0
399,0000	57,1
399,2000	57,1
399,4000	57,1
399,6000	57,2
399,8000	57,2
400,0000	57,2
400,2000	57,3
400,4000	57,3
400,6000	57,3
400,8000	57,3
401,0000	57,4
401,2000	57,4
401,4000	57,4
401,6000	57,5
401,8000	57,5
402,0000	57,5
402,2000	57,6
402,4000	57,6
402,6000	57,6
402,8000	57,6
403,0000	57,7
403,2000	57,7
403,4000	57,7
403,6000	57,8
403,8000	57,8
404,0000	57,8
404,2000	57,8
404,4000	57,9
404,6000	57,9
404,8000	57,9
405,0000	58,0
405,2000	58,0
405,4000	58,0
405,6000	58,0
405,8000	58,1
406,0000	58,1
406,2000	58,1
406,4000	58,2
406,6000	58,2
406,8000	58,2
407,0000	58,3
407,2000	58,3
407,4000	58,3
407,6000	58,3
407,8000	58,4
408,0000	58,4
408,2000	58,4
408,4000	58,5
408,6000	58,5
408,8000	58,5
409,0000	58,5
409,2000	58,6
409,4000	58,6
409,6000	58,6
409,8000	58,7
410,0000	58,7
410,2000	58,7
410,4000	58,7
410,6000	58,8
410,8000	58,8
411,0000	58,8
411,2000	58,9
411,4000	58,9
411,6000	58,9
411,8000	58,9
412,0000	59,0
412,2000	59,0
412,4000	59,0
412,6000	59,0
412,8000	59,1
413,0000	59,1
413,2000	59,1
413,4000	59,1
413,6000	59,2
413,8000	59,2
414,0000	59,2
414,2000	59,3
414,4000	59,3
414,6000	59,3
414,8000	59,3
415,0000	59,4
415,2000	59,4
415,4000	59,4
415,6000	59,4
415,8000	59,5
416,0000	59,5
416,2000	59,5
416,4000	59,5
416,6000	59,6
416,8000	59,6
417,0000	59,6
417,2000	59,7
417,4000	59,7
417,6000	59,7
417,8000	59,7
418,0000	59,8
418,2000	59,8
418,4000	59,8
418,6000	59,9
418,8000	59,9
419,0000	59,9
419,2000	59,9
419,4000	60,0
419,6000	60,0
419,8000	60,0
420,0000	60,0
420,2000	60,1
420,4000	60,1
420,6000	60,1
420,8000	60,1
421,0000	60,2
421,2000	60,2
421,4000	60,2
421,6000	60,2
421,8000	60,3
422,0000	60,3
422,2000	60,3
422,4000	60,3
422,6000	60,4
422,8000	60,4
423,0000	60,4
423,2000	60,4
423,4000	60,5
423,6000	60,5
423,8000	60,5
424,0000	60,5
424,2000	60,6
424,4000	60,6
424,6000	60,6
424,8000	60,6
425,0000	60,7
425,2000	60,7
425,4000	60,7
425,6000	60,7
425,8000	60,8
426,0000	60,8
426,2000	60,8
426,4000	60,8
426,6000	60,9
426,8000	60,9
427,0000	60,9
427,2000	60,9
427,4000	61,0
427,6000	61,0
427,8000	61,0
428,0000	61,1
428,2000	61,1
428,4000	61,1
428,6000	61,1
428,8000	61,1
429,0000	61,2
429,2000	61,2
429,4000	61,2
429,6000	61,2
429,8000	61,3
430,0000	61,3
430,2000	61,3
430,4000	61,3
430,6000	61,4
430,8000	61,4
431,0000	61,4
431,2000	61,4
431,4000	61,5
431,6000	61,5
431,8000	61,5
432,0000	61,5
432,2000	61,5
432,4000	61,6
432,6000	61,6
432,8000	61,6
433,0000	61,6
433,2000	61,7
433,4000	61,7
433,6000	61,7
433,8000	61,7
434,0000	61,8
434,2000	61,8
434,4000	61,8
434,6000	61,8
434,8000	61,9
435,0000	61,9
435,2000	61,9
435,4000	61,9
435,6000	62,0
435,8000	62,0
436,0000	62,0
436,2000	62,0
436,4000	62,1
436,6000	62,1
436,8000	62,1
437,0000	62,1
437,2000	62,2
437,4000	62,2
437,6000	62,2
437,8000	62,2
438,0000	62,3
438,2000	62,3
438,4000	62,3
438,6000	62,3
438,8000	62,4
439,0000	62,4
439,2000	62,4
439,4000	62,4
439,6000	62,4
439,8000	62,5
440,0000	62,5
440,2000	62,5
440,4000	62,5
440,6000	62,6
440,8000	62,6
441,0000	62,6
441,2000	62,6
441,4000	62,7
441,6000	62,7
441,8000	62,7
442,0000	62,7
442,2000	62,7
442,4000	62,8
442,6000	62,8
442,8000	62,8
443,0000	62,8
443,2000	62,9
443,4000	62,9
443,6000	62,9
443,8000	62,9
444,0000	63,0
444,2000	63,0
444,4000	63,0
444,6000	63,0
444,8000	63,0
445,0000	63,1
445,2000	63,1
445,4000	63,1
445,6000	63,1
445,8000	63,2
446,0000	63,2
446,2000	63,2
446,4000	63,2
446,6000	63,3
446,8000	63,3
447,0000	63,3
447,2000	63,3
447,4000	63,3
447,6000	63,4
447,8000	63,4
448,0000	63,4
448,2000	63,5
448,4000	63,5
448,6000	63,5
448,8000	63,5
449,0000	63,5
449,2000	63,6
449,4000	63,6
449,6000	63,6
449,8000	63,6
450,0000	63,7
450,2000	63,7
450,4000	63,7
450,6000	63,7
450,8000	63,7
451,0000	63,8
451,2000	63,8
451,4000	63,8
451,6000	63,8
451,8000	63,9
452,0000	63,9
452,2000	63,9
452,4000	63,9
452,6000	63,9
452,8000	64,0
453,0000	64,0
453,2000	64,0
453,4000	64,0
453,6000	64,0
453,8000	64,1
454,0000	64,1
454,2000	64,1
454,4000	64,1
454,6000	64,2
454,8000	64,2
455,0000	64,2
455,2000	64,2
455,4000	64,2
455,6000	64,3
455,8000	64,3
456,0000	64,3
456,2000	64,3
456,4000	64,4
456,6000	64,4
456,8000	64,4
457,0000	64,4
457,2000	64,4
457,4000	64,5
457,6000	64,5
457,8000	64,5
458,0000	64,5
458,2000	64,6
458,4000	64,6
458,6000	64,6
458,8000	64,6
459,0000	64,6
459,2000	64,7
459,4000	64,7
459,6000	64,7
459,8000	64,7
460,0000	64,7
460,2000	64,8
460,4000	64,8
460,6000	64,8
460,8000	64,8
461,0000	64,8
461,2000	64,9
461,4000	64,9
461,6000	64,9
461,8000	64,9
462,0000	64,9
462,2000	65,0
462,4000	65,0
462,6000	65,0
462,8000	65,0
463,0000	65,1
463,2000	65,1
463,4000	65,1
463,6000	65,1
463,8000	65,1
464,0000	65,2
464,2000	65,2
464,4000	65,2
464,6000	65,2
464,8000	65,2
465,0000	65,3
465,2000	65,3
465,4000	65,3
465,6000	65,3
465,8000	65,3
466,0000	65,4
466,2000	65,4
466,4000	65,4
466,6000	65,4
466,8000	65,4
467,0000	65,5
467,2000	65,5
467,4000	65,5
467,6000	65,5
467,8000	65,6
468,0000	65,6
468,2000	65,6
468,4000	65,6
468,6000	65,6
468,8000	65,7
469,0000	65,7
469,2000	65,7
469,4000	65,7
469,6000	65,7
469,8000	65,8
470,0000	65,8
470,2000	65,8
470,4000	65,8
470,6000	65,8
470,8000	65,9
471,0000	65,9
471,2000	65,9
471,4000	65,9
471,6000	65,9
471,8000	66,0
472,0000	66,0
472,2000	66,0
472,4000	66,0
472,6000	66,0
472,8000	66,1
473,0000	66,1
473,2000	66,1
473,4000	66,1
473,6000	66,1
473,8000	66,2
474,0000	66,2
474,2000	66,2
474,4000	66,2
474,6000	66,2
474,8000	66,2
475,0000	66,3
475,2000	66,3
475,4000	66,3
475,6000	66,3
475,8000	66,3
476,0000	66,4
476,2000	66,4
476,4000	66,4
476,6000	66,4
476,8000	66,4
477,0000	66,5
477,2000	66,5
477,4000	66,5
477,6000	66,5
477,8000	66,5
478,0000	66,6
478,2000	66,6
478,4000	66,6
478,6000	66,6
478,8000	66,6
479,0000	66,6
479,2000	66,7
479,4000	66,7
479,6000	66,7
479,8000	66,7
480,0000	66,7
480,2000	66,8
480,4000	66,8
480,6000	66,8
480,8000	66,8
481,0000	66,9
481,2000	66,9
481,4000	66,9
481,6000	66,9
481,8000	66,9
482,0000	67,0
482,2000	67,0
482,4000	67,0
482,6000	67,0
482,8000	67,0
483,0000	67,0
483,2000	67,1
483,4000	67,1
483,6000	67,1
483,8000	67,1
484,0000	67,1
484,2000	67,1
484,4000	67,2
484,6000	67,2
484,8000	67,2
485,0000	67,2
485,2000	67,3
485,4000	67,3
485,6000	67,3
485,8000	67,3
486,0000	67,3
486,2000	67,3
486,4000	67,4
486,6000	67,4
486,8000	67,4
487,0000	67,4
487,2000	67,5
487,4000	67,5
487,6000	67,5
487,8000	67,5
488,0000	67,5
488,2000	67,5
488,4000	67,6
488,6000	67,6
488,8000	67,6
489,0000	67,6
489,2000	67,6
489,4000	67,6
489,6000	67,7
489,8000	67,7
490,0000	67,7
490,2000	67,7
490,4000	67,7
490,6000	67,8
490,8000	67,8
491,0000	67,8
491,2000	67,8
491,4000	67,8
491,6000	67,8
491,8000	67,9
492,0000	67,9
492,2000	67,9
492,4000	67,9
492,6000	67,9
492,8000	67,9
493,0000	68,0
493,2000	68,0
493,4000	68,0
493,6000	68,0
493,8000	68,0
494,0000	68,0
494,2000	68,1
494,4000	68,1
494,6000	68,1
494,8000	68,1
495,0000	68,1
495,2000	68,2
495,4000	68,2
495,6000	68,2
495,8000	68,2
496,0000	68,2
496,2000	68,2
496,4000	68,3
496,6000	68,3
496,8000	68,3
497,0000	68,3
497,2000	68,3
497,4000	68,4
497,6000	68,4
497,8000	68,4
498,0000	68,4
498,2000	68,4
498,4000	68,4
498,6000	68,5
498,8000	68,5
499,0000	68,5
499,2000	68,5
499,4000	68,5
499,6000	68,5
499,8000	68,5
500,0000	68,6
500,2000	68,6
500,4000	68,6
500,6000	68,6
500,8000	68,7
501,0000	68,7
501,2000	68,7
501,4000	68,7
501,6000	68,7
501,8000	68,7
502,0000	68,7
502,2000	68,8
502,4000	68,8
502,6000	68,8
502,8000	68,8
503,0000	68,8
503,2000	68,8
503,4000	68,9
503,6000	68,9
503,8000	68,9
504,0000	68,9
504,2000	68,9
504,4000	69,0
504,6000	69,0
504,8000	69,0
505,0000	69,0
505,2000	69,0
505,4000	69,0
505,6000	69,1
505,8000	69,1
506,0000	69,1
506,2000	69,1
506,4000	69,1
506,6000	69,2
506,8000	69,2
507,0000	69,2
507,2000	69,2
507,4000	69,2
507,6000	69,2
507,8000	69,2
508,0000	69,3
508,2000	69,3
508,4000	69,3
508,6000	69,3
508,8000	69,3
509,0000	69,3
509,2000	69,3
509,4000	69,4
509,6000	69,4
509,8000	69,4
510,0000	69,4
510,2000	69,4
510,4000	69,4
510,6000	69,5
510,8000	69,5
511,0000	69,5
511,2000	69,5
511,4000	69,5
511,6000	69,5
511,8000	69,5
512,0000	69,6
512,2000	69,6
512,4000	69,6
512,6000	69,6
512,8000	69,6
513,0000	69,7
513,2000	69,7
513,4000	69,7
513,6000	69,7
513,8000	69,7
514,0000	69,7
514,2000	69,7
514,4000	69,8
514,6000	69,8
514,8000	69,8
515,0000	69,8
515,2000	69,8
515,4000	69,9
515,6000	69,9
515,8000	69,9
516,0000	69,9
516,2000	69,9
516,4000	69,9
516,6000	70,0
516,8000	70,0
517,0000	70,0
517,2000	70,0
517,4000	70,0
517,6000	70,0
517,8000	70,1
518,0000	70,1
518,2000	70,1
518,4000	70,1
518,6000	70,1
518,8000	70,1
519,0000	70,2
519,2000	70,2
519,4000	70,2
519,6000	70,2
519,8000	70,2
520,0000	70,2
520,2000	70,3
520,4000	70,3
520,6000	70,3
520,8000	70,3
521,0000	70,3
521,2000	70,3
521,4000	70,3
521,6000	70,3
521,8000	70,4
522,0000	70,4
522,2000	70,4
522,4000	70,4
522,6000	70,4
522,8000	70,4
523,0000	70,4
523,2000	70,4
523,4000	70,5
523,6000	70,5
523,8000	70,5
524,0000	70,5
524,2000	70,5
524,4000	70,6
524,6000	70,6
524,8000	70,6
525,0000	70,6
525,2000	70,6
525,4000	70,6
525,6000	70,7
525,8000	70,7
526,0000	70,7
526,2000	70,7
526,4000	70,7
526,6000	70,7
526,8000	70,7
527,0000	70,8
527,2000	70,8
527,4000	70,8
527,6000	70,8
527,8000	70,8
528,0000	70,8
528,2000	70,9
528,4000	70,9
528,6000	70,9
528,8000	70,9
529,0000	70,9
529,2000	70,9
529,4000	70,9
529,6000	70,9
529,8000	71,0
530,0000	71,0
530,2000	71,0
530,4000	71,0
530,6000	71,0
530,8000	71,0
531,0000	71,1
531,2000	71,1
531,4000	71,1
531,6000	71,1
531,8000	71,1
532,0000	71,1
532,2000	71,1
532,4000	71,1
532,6000	71,2
532,8000	71,2
533,0000	71,2
533,2000	71,2
533,4000	71,2
533,6000	71,2
533,8000	71,3
534,0000	71,3
534,2000	71,3
534,4000	71,3
534,6000	71,3
534,8000	71,3
535,0000	71,4
535,2000	71,4
535,4000	71,4
535,6000	71,4
535,8000	71,4
536,0000	71,4
536,2000	71,4
536,4000	71,4
536,6000	71,5
536,8000	71,5
537,0000	71,5
537,2000	71,5
537,4000	71,5
537,6000	71,5
537,8000	71,5
538,0000	71,5
538,2000	71,6
538,4000	71,6
538,6000	71,6
538,8000	71,6
539,0000	71,6
539,2000	71,6
539,4000	71,7
539,6000	71,7
539,8000	71,7
540,0000	71,7
540,2000	71,7
540,4000	71,7
540,6000	71,7
540,8000	71,8
541,0000	71,8
541,2000	71,8
541,4000	71,8
541,6000	71,8
541,8000	71,8
542,0000	71,8
542,2000	71,8
542,4000	71,9
542,6000	71,9
542,8000	71,9
543,0000	71,9
543,2000	71,9
543,4000	71,9
543,6000	71,9
543,8000	72,0
544,0000	72,0
544,2000	72,0
544,4000	72,0
544,6000	72,0
544,8000	72,0
545,0000	72,0
545,2000	72,0
545,4000	72,0
545,6000	72,1
545,8000	72,1
546,0000	72,1
546,2000	72,1
546,4000	72,1
546,6000	72,1
546,8000	72,1
547,0000	72,2
547,2000	72,2
547,4000	72,2
547,6000	72,2
547,8000	72,2
548,0000	72,2
548,2000	72,2
548,4000	72,2
548,6000	72,2
548,8000	72,3
549,0000	72,3
549,2000	72,3
549,4000	72,3
549,6000	72,3
549,8000	72,3
550,0000	72,4
550,2000	72,4
550,4000	72,4
550,6000	72,4
550,8000	72,4
551,0000	72,4
551,2000	72,4
551,4000	72,4
