#FFT von Winkelposition, Daten
#Frequenz ( Hz )	Relative Amplitude (  )
0,0000	1,007
1,9531	0,209
3,9063	0,714
5,8594	1,000
7,8125	0,344
9,7656	0,230
11,7188	0,162
13,6719	0,133
15,6250	0,106
17,5781	0,094
19,5313	0,084
21,4844	0,075
23,4375	0,068
25,3906	0,063
27,3438	0,058
29,2969	0,054
31,2500	0,050
33,2031	0,047
35,1563	0,044
37,1094	0,042
39,0625	0,040
41,0156	0,038
42,9688	0,036
44,9219	0,035
46,8750	0,033
48,8281	0,032
50,7813	0,030
52,7344	0,029
54,6875	0,028
56,6406	0,027
58,5938	0,026
60,5469	0,025
62,5000	0,024
64,4531	0,024
66,4063	0,023
68,3594	0,022
70,3125	0,022
72,2656	0,021
74,2188	0,020
76,1719	0,020
78,1250	0,020
80,0781	0,019
82,0313	0,019
83,9844	0,018
85,9375	0,018
87,8906	0,017
89,8438	0,017
91,7969	0,017
93,7500	0,016
95,7031	0,016
97,6563	0,016
99,6094	0,015
101,5625	0,015
103,5156	0,014
105,4688	0,014
107,4219	0,014
109,3750	0,014
111,3281	0,014
113,2813	0,013
115,2344	0,013
117,1875	0,013
119,1406	0,013
121,0938	0,012
123,0469	0,012
125,0000	0,012
126,9531	0,012
128,9063	0,012
130,8594	0,012
132,8125	0,011
134,7656	0,011
136,7188	0,011
138,6719	0,011
140,6250	0,011
142,5781	0,011
144,5313	0,010
146,4844	0,010
148,4375	0,010
150,3906	0,010
152,3438	0,010
154,2969	0,010
156,2500	0,010
158,2031	0,009
160,1563	0,009
162,1094	0,009
164,0625	0,009
166,0156	0,009
167,9688	0,009
169,9219	0,009
171,8750	0,009
173,8281	0,009
175,7813	0,009
177,7344	0,008
179,6875	0,008
181,6406	0,008
183,5938	0,008
185,5469	0,008
187,5000	0,008
189,4531	0,008
191,4063	0,008
193,3594	0,008
195,3125	0,008
197,2656	0,008
199,2188	0,007
201,1719	0,007
203,1250	0,007
205,0781	0,007
207,0313	0,007
208,9844	0,007
210,9375	0,007
212,8906	0,007
214,8438	0,007
216,7969	0,007
218,7500	0,007
220,7031	0,007
222,6563	0,007
224,6094	0,007
226,5625	0,007
228,5156	0,006
230,4688	0,006
232,4219	0,006
234,3750	0,006
236,3281	0,006
238,2813	0,006
240,2344	0,006
242,1875	0,006
244,1406	0,006
246,0938	0,006
248,0469	0,006
250,0000	0,006
251,9531	0,006
253,9063	0,006
255,8594	0,006
257,8125	0,006
259,7656	0,006
261,7188	0,006
263,6719	0,006
265,6250	0,006
267,5781	0,005
269,5313	0,005
271,4844	0,005
273,4375	0,005
275,3906	0,005
277,3438	0,005
279,2969	0,005
281,2500	0,005
283,2031	0,005
285,1563	0,005
287,1094	0,005
289,0625	0,005
291,0156	0,005
292,9688	0,005
294,9219	0,005
296,8750	0,005
298,8281	0,005
300,7813	0,005
302,7344	0,005
304,6875	0,005
306,6406	0,005
308,5938	0,005
310,5469	0,005
312,5000	0,005
314,4531	0,005
316,4063	0,005
318,3594	0,005
320,3125	0,005
322,2656	0,005
324,2188	0,005
326,1719	0,005
328,1250	0,005
330,0781	0,004
332,0313	0,004
333,9844	0,004
335,9375	0,004
337,8906	0,004
339,8438	0,004
341,7969	0,004
343,7500	0,004
345,7031	0,004
347,6563	0,004
349,6094	0,004
351,5625	0,004
353,5156	0,004
355,4688	0,004
357,4219	0,004
359,3750	0,004
361,3281	0,004
363,2813	0,004
365,2344	0,004
367,1875	0,004
369,1406	0,004
371,0938	0,004
373,0469	0,004
375,0000	0,004
376,9531	0,004
378,9063	0,004
380,8594	0,004
382,8125	0,004
384,7656	0,004
386,7188	0,004
388,6719	0,004
390,6250	0,004
392,5781	0,004
394,5313	0,004
396,4844	0,004
398,4375	0,004
400,3906	0,004
402,3438	0,004
404,2969	0,004
406,2500	0,004
408,2031	0,004
410,1563	0,004
412,1094	0,004
414,0625	0,004
416,0156	0,004
417,9688	0,004
419,9219	0,004
421,8750	0,004
423,8281	0,004
425,7813	0,004
427,7344	0,004
429,6875	0,004
431,6406	0,004
433,5938	0,004
435,5469	0,004
437,5000	0,004
439,4531	0,004
441,4063	0,004
443,3594	0,004
445,3125	0,004
447,2656	0,004
449,2188	0,004
451,1719	0,004
453,1250	0,004
455,0781	0,004
457,0313	0,003
458,9844	0,004
460,9375	0,004
462,8906	0,004
464,8438	0,003
466,7969	0,003
468,7500	0,004
470,7031	0,003
472,6563	0,004
474,6094	0,004
476,5625	0,003
478,5156	0,003
480,4688	0,003
482,4219	0,003
484,3750	0,003
486,3281	0,003
488,2813	0,003
490,2344	0,003
492,1875	0,003
494,1406	0,003
496,0938	0,003
498,0469	0,004
