#Winkelposition, Messreihe #1
#Zeit ( s )	Winkelposition ( rad )
0,0000	1,323
0,0500	1,786
0,1000	1,381
0,1500	0,460
0,2000	-0,185
0,2500	-0,093
0,3000	0,672
0,3500	1,532
0,4000	1,761
0,4500	1,134
0,5000	0,217
0,5500	-0,242
0,6000	0,074
0,6500	0,944
0,7000	1,687
0,7500	1,657
0,8000	0,862
0,8500	0,013
0,9000	-0,231
0,9500	0,294
1,0000	1,211
1,0500	1,773
1,1000	1,480
1,1500	0,586
1,2000	-0,138
1,2500	-0,152
1,3000	0,548
1,3500	1,442
1,4000	1,781
1,4500	1,252
1,5000	0,322
1,5500	-0,223
1,6000	-0,008
1,6500	0,818
1,7000	1,626
1,7500	1,712
1,8000	0,991
1,8500	0,101
1,9000	-0,243
1,9500	0,187
2,0000	1,090
2,0500	1,742
2,1000	1,568
2,1500	0,713
2,2000	-0,075
2,2500	-0,196
2,3000	0,426
2,3500	1,340
2,4000	1,786
2,4500	1,367
2,5000	0,443
2,5500	-0,192
2,6000	-0,083
2,6500	0,691
2,7000	1,547
2,7500	1,755
2,8000	1,118
2,8500	0,203
2,9000	-0,242
2,9500	0,090
3,0000	0,964
3,0500	1,695
3,1000	1,646
3,1500	0,845
3,2000	0,002
3,2500	-0,228
3,3000	0,308
3,3500	1,224
3,4000	1,775
3,4500	1,469
3,5000	0,569
3,5500	-0,145
3,6000	-0,145
3,6500	0,565
3,7000	1,456
3,7500	1,780
3,8000	1,235
3,8500	0,306
3,9000	-0,228
3,9500	0,003
4,0000	0,840
4,0500	1,635
4,1000	1,704
4,1500	0,969
4,2000	0,085
4,2500	-0,243
4,3000	0,204
4,3500	1,109
4,4000	1,748
4,4500	1,555
4,5000	0,693
4,5500	-0,086
4,6000	-0,192
4,6500	0,443
4,7000	1,354
4,7500	1,788
4,8000	1,348
4,8500	0,424
4,9000	-0,198
4,9500	-0,074
5,0000	0,710
5,0500	1,558
5,1000	1,750
5,1500	1,096
5,2000	0,182
5,2500	-0,243
5,3000	0,105
5,3500	0,985
5,4000	1,704
5,4500	1,632
5,5000	0,820
5,5500	-0,016
5,6000	-0,223
5,6500	0,331
5,7000	1,249
5,7500	1,778
5,8000	1,447
5,8500	0,545
5,9000	-0,154
5,9500	-0,135
6,0000	0,589
6,0500	1,473
6,1000	1,775
6,1500	1,214
6,2000	0,286
6,2500	-0,232
6,3000	0,019
6,3500	0,866
6,4000	1,651
6,4500	1,692
6,5000	0,942
6,5500	0,066
6,6000	-0,240
6,6500	0,226
6,7000	1,134
6,7500	1,755
6,8000	1,536
6,8500	0,663
6,9000	-0,102
6,9500	-0,181
7,0000	0,473
7,0500	1,379
7,1000	1,786
7,1500	1,324
7,2000	0,396
7,2500	-0,206
7,3000	-0,058
7,3500	0,740
7,4000	1,577
7,4500	1,740
7,5000	1,068
7,5500	0,160
7,6000	-0,243
7,6500	0,126
7,7000	1,016
7,7500	1,717
7,8000	1,616
7,8500	0,792
7,9000	-0,033
7,9500	-0,217
8,0000	0,357
8,0500	1,271
8,1000	1,781
8,1500	1,428
8,2000	0,514
8,2500	-0,167
8,3000	-0,121
8,3500	0,617
8,4000	1,495
8,4500	1,772
8,5000	1,184
8,5500	0,261
8,6000	-0,236
8,6500	0,038
8,7000	0,891
8,7500	1,662
8,8000	1,681
8,8500	0,917
8,9000	0,047
8,9500	-0,239
9,0000	0,250
9,0500	1,161
9,1000	1,761
9,1500	1,517
9,2000	0,638
9,2500	-0,113
9,3000	-0,173
9,3500	0,495
9,4000	1,398
9,4500	1,786
9,5000	1,304
9,5500	0,377
9,6000	-0,212
9,6500	-0,044
9,7000	0,765
9,7500	1,591
9,8000	1,733
9,8500	1,049
9,9000	0,145
9,9500	-0,243
10,0000	0,140
10,0500	1,032
10,1000	1,723
10,1500	1,605
10,2000	0,770
10,2500	-0,044
10,3000	-0,212
10,3500	0,374
10,4000	1,291
10,4500	1,784
10,5000	1,409
10,5500	0,496
10,6000	-0,173
10,6500	-0,112
10,7000	0,638
10,7500	1,510
10,8000	1,767
10,8500	1,167
10,9000	0,245
10,9500	-0,239
11,0000	0,052
11,0500	0,911
11,1000	1,674
11,1500	1,670
11,2000	0,895
11,2500	0,035
11,3000	-0,236
11,3500	0,269
11,4000	1,183
11,4500	1,770
11,5000	1,499
11,5500	0,611
11,6000	-0,126
11,6500	-0,162
11,7000	0,525
11,7500	1,425
11,8000	1,784
11,8500	1,269
11,9000	0,341
11,9500	-0,220
12,0000	-0,019
12,0500	0,803
12,1000	1,615
12,1500	1,718
12,2000	1,004
12,2500	0,112
12,3000	-0,243
12,3500	0,178
12,4000	1,082
12,4500	1,739
12,5000	1,572
12,5500	0,718
12,6000	-0,074
12,6500	-0,196
12,7000	0,426
12,7500	1,340
12,8000	1,786
12,8500	1,363
12,9000	0,440
12,9500	-0,192
13,0000	-0,082
13,0500	0,696
13,1000	1,550
13,1500	1,753
13,2000	1,106
13,2500	0,192
13,3000	-0,242
13,3500	0,099
13,4000	0,979
13,4500	1,701
13,5000	1,635
13,5500	0,825
13,6000	-0,013
13,6500	-0,225
13,7000	0,328
13,7500	1,244
13,8000	1,778
13,8500	1,448
13,9000	0,542
13,9500	-0,157
14,0000	-0,130
14,0500	0,595
14,1000	1,478
14,1500	1,775
14,2000	1,205
14,2500	0,280
14,3000	-0,232
14,3500	0,027
14,4000	0,878
14,4500	1,656
14,5000	1,687
14,5500	0,928
14,6000	0,053
14,6500	-0,239
14,7000	0,247
14,7500	1,158
14,8000	1,761
14,8500	1,519
14,9000	0,633
14,9500	-0,116
15,0000	-0,170
15,0500	0,504
15,1000	1,407
15,1500	1,784
15,2000	1,288
15,2500	0,360
15,3000	-0,217
15,3500	-0,031
15,4000	0,787
15,4500	1,607
15,5000	1,723
15,5500	1,018
15,6000	0,119
15,6500	-0,245
15,7000	0,170
15,7500	1,070
15,8000	1,737
15,8500	1,580
15,9000	0,729
15,9500	-0,068
16,0000	-0,201
16,0500	0,415
16,1000	1,330
16,1500	1,786
16,2000	1,368
16,2500	0,446
16,3000	-0,192
16,3500	-0,085
16,4000	0,693
16,4500	1,547
16,5000	1,755
16,5500	1,112
16,6000	0,196
16,6500	-0,243
16,7000	0,096
16,7500	0,975
16,8000	1,701
16,8500	1,638
16,9000	0,825
16,9500	-0,011
17,0000	-0,225
17,0500	0,327
17,1000	1,246
17,1500	1,778
17,2000	1,448
17,2500	0,542
17,3000	-0,157
17,3500	-0,130
17,4000	0,597
17,4500	1,480
17,5000	1,775
17,5500	1,203
17,6000	0,275
17,6500	-0,232
17,7000	0,030
17,7500	0,883
17,8000	1,660
17,8500	1,685
17,9000	0,924
17,9500	0,052
18,0000	-0,239
18,0500	0,245
18,1000	1,161
18,1500	1,761
18,2000	1,517
18,2500	0,635
18,3000	-0,116
18,3500	-0,170
18,4000	0,504
18,4500	1,409
18,5000	1,786
18,5500	1,286
18,6000	0,355
18,6500	-0,217
18,7000	-0,028
18,7500	0,790
18,8000	1,610
18,8500	1,722
18,9000	1,013
18,9500	0,116
19,0000	-0,243
19,0500	0,173
19,1000	1,073
19,1500	1,739
19,2000	1,579
19,2500	0,726
19,3000	-0,071
19,3500	-0,199
19,4000	0,419
19,4500	1,335
19,5000	1,788
19,5500	1,368
19,6000	0,443
19,6500	-0,193
19,7000	-0,080
19,7500	0,697
19,8000	1,552
19,8500	1,751
19,9000	1,103
19,9500	0,190
20,0000	-0,243
20,0500	0,102
20,1000	0,985
20,1500	1,706
20,2000	1,630
20,2500	0,814
20,3000	-0,019
20,3500	-0,221
20,4000	0,339
20,4500	1,258
20,5000	1,780
20,5500	1,436
20,6000	0,525
20,6500	-0,163
20,7000	-0,124
20,7500	0,611
20,8000	1,492
20,8500	1,772
20,9000	1,188
20,9500	0,262
21,0000	-0,236
21,0500	0,039
21,1000	0,898
21,1500	1,665
21,2000	1,678
21,2500	0,911
21,3000	0,042
21,3500	-0,237
21,4000	0,256
21,4500	1,170
21,5000	1,766
21,5500	1,506
21,6000	0,616
21,6500	-0,124
21,7000	-0,163
21,7500	0,523
21,8000	1,423
21,8500	1,784
21,9000	1,271
21,9500	0,341
22,0000	-0,220
22,0500	-0,019
22,1000	0,807
22,1500	1,618
22,2000	1,715
22,2500	0,999
22,3000	0,104
22,3500	-0,243
22,4000	0,187
22,4500	1,090
22,5000	1,744
22,5500	1,566
22,6000	0,707
22,6500	-0,080
22,7000	-0,193
22,7500	0,437
22,8000	1,351
22,8500	1,788
22,9000	1,352
22,9500	0,429
23,0000	-0,196
23,0500	-0,074
23,1000	0,713
23,1500	1,561
23,2000	1,747
23,2500	1,089
23,3000	0,178
23,3500	-0,245
23,4000	0,112
23,4500	0,997
23,5000	1,709
23,5500	1,623
23,6000	0,801
23,6500	-0,025
23,7000	-0,218
23,7500	0,350
23,8000	1,271
23,8500	1,781
23,9000	1,425
23,9500	0,514
24,0000	-0,168
24,0500	-0,119
24,1000	0,622
24,1500	1,497
24,2000	1,769
24,2500	1,180
24,3000	0,253
24,3500	-0,234
24,4000	0,046
24,4500	0,906
24,5000	1,670
24,5500	1,673
24,6000	0,895
24,6500	0,033
24,7000	-0,234
24,7500	0,272
24,8000	1,189
24,8500	1,769
24,9000	1,492
24,9500	0,602
25,0000	-0,132
25,0500	-0,157
25,1000	0,537
25,1500	1,433
25,2000	1,783
25,2500	1,258
25,3000	0,330
25,3500	-0,223
25,4000	-0,011
25,4500	0,818
25,5000	1,626
25,5500	1,711
25,6000	0,985
25,6500	0,096
25,7000	-0,243
25,7500	0,195
25,8000	1,100
25,8500	1,745
25,9000	1,560
25,9500	0,696
26,0000	-0,086
26,0500	-0,188
26,1000	0,449
26,1500	1,360
26,2000	1,786
26,2500	1,341
26,3000	0,415
26,3500	-0,201
26,4000	-0,066
26,4500	0,727
26,5000	1,571
26,5500	1,744
26,6000	1,074
26,6500	0,165
26,7000	-0,243
26,7500	0,124
26,8000	1,015
26,8500	1,717
26,9000	1,615
26,9500	0,785
27,0000	-0,036
27,0500	-0,217
27,1000	0,364
27,1500	1,282
27,2000	1,781
27,2500	1,415
27,3000	0,498
27,3500	-0,173
27,4000	-0,112
27,4500	0,636
27,5000	1,510
27,5500	1,767
27,6000	1,162
27,6500	0,239
27,7000	-0,237
27,7500	0,058
27,8000	0,925
27,8500	1,679
27,9000	1,665
27,9500	0,880
28,0000	0,022
28,0500	-0,232
28,1000	0,284
28,1500	1,200
28,2000	1,770
28,2500	1,484
28,3000	0,589
28,3500	-0,135
28,4000	-0,154
28,4500	0,547
28,5000	1,442
28,5500	1,781
28,6000	1,246
28,6500	0,317
28,7000	-0,225
28,7500	-0,002
28,8000	0,834
28,8500	1,634
28,9000	1,703
28,9500	0,968
29,0000	0,082
29,0500	-0,242
29,1000	0,210
29,1500	1,117
29,2000	1,750
29,2500	1,547
29,3000	0,675
29,3500	-0,094
29,4000	-0,182
29,4500	0,467
29,5000	1,378
29,5500	1,786
29,6000	1,324
29,6500	0,394
29,7000	-0,207
29,7500	-0,052
29,8000	0,751
29,8500	1,585
29,9000	1,737
29,9500	1,054
30,0000	0,148
30,0500	-0,243
30,1000	0,143
30,1500	1,037
30,2000	1,725
30,2500	1,601
30,3000	0,760
30,3500	-0,050
30,4000	-0,209
30,4500	0,385
30,5000	1,302
30,5500	1,784
30,6000	1,395
30,6500	0,474
30,7000	-0,181
30,7500	-0,099
30,8000	0,663
30,8500	1,527
30,9000	1,761
30,9500	1,136
31,0000	0,215
31,0500	-0,240
31,1000	0,079
31,1500	0,952
31,2000	1,690
31,2500	1,651
31,3000	0,853
31,3500	0,005
31,4000	-0,228
31,4500	0,306
31,5000	1,225
31,5500	1,775
31,6000	1,466
31,6500	0,564
31,7000	-0,146
31,7500	-0,143
31,8000	0,573
31,8500	1,461
31,9000	1,778
31,9500	1,224
32,0000	0,294
32,0500	-0,229
32,1000	0,014
32,1500	0,858
32,2000	1,646
32,2500	1,695
32,3000	0,942
32,3500	0,066
32,4000	-0,240
32,4500	0,228
32,5000	1,137
32,5500	1,758
32,6000	1,533
32,6500	0,658
32,7000	-0,105
32,7500	-0,178
32,8000	0,484
32,8500	1,390
32,9000	1,786
32,9500	1,310
33,0000	0,382
33,0500	-0,210
33,1000	-0,046
33,1500	0,763
33,2000	1,593
33,2500	1,731
33,3000	1,040
33,3500	0,137
33,4000	-0,243
33,4500	0,152
33,5000	1,052
33,5500	1,729
33,6000	1,591
33,6500	0,748
33,7000	-0,058
33,7500	-0,206
33,8000	0,399
33,8500	1,315
33,9000	1,784
33,9500	1,384
34,0000	0,462
34,0500	-0,185
34,1000	-0,093
34,1500	0,672
34,2000	1,535
34,2500	1,759
34,3000	1,129
34,3500	0,212
34,4000	-0,240
34,4500	0,083
34,5000	0,957
34,5500	1,693
34,6000	1,648
34,6500	0,847
34,7000	0,000
34,7500	-0,228
34,8000	0,313
34,8500	1,230
34,9000	1,775
34,9500	1,461
35,0000	0,561
35,0500	-0,149
35,1000	-0,138
35,1500	0,576
35,2000	1,464
35,2500	1,778
35,3000	1,221
35,3500	0,294
35,4000	-0,229
35,4500	0,016
35,5000	0,861
35,5500	1,648
35,6000	1,693
35,6500	0,942
35,7000	0,064
35,7500	-0,240
35,8000	0,229
35,8500	1,139
35,9000	1,758
35,9500	1,532
36,0000	0,653
36,0500	-0,105
36,1000	-0,178
36,1500	0,487
36,2000	1,393
36,2500	1,786
36,3000	1,307
36,3500	0,379
36,4000	-0,210
36,4500	-0,044
36,5000	0,767
36,5500	1,594
36,6000	1,731
36,6500	1,041
36,7000	0,137
36,7500	-0,243
36,8000	0,151
36,8500	1,048
36,9000	1,729
36,9500	1,598
37,0000	0,754
37,0500	-0,053
37,1000	-0,207
37,1500	0,393
37,2000	1,312
37,2500	1,786
37,3000	1,389
37,3500	0,468
37,4000	-0,185
37,4500	-0,096
37,5000	0,671
37,5500	1,533
37,6000	1,759
37,6500	1,133
37,7000	0,214
37,7500	-0,240
37,8000	0,082
37,8500	0,953
37,9000	1,690
37,9500	1,649
38,0000	0,850
38,0500	0,003
38,1000	-0,229
38,1500	0,306
38,2000	1,225
38,2500	1,777
38,3000	1,467
38,3500	0,567
38,4000	-0,146
38,4500	-0,143
38,5000	0,570
38,5500	1,459
38,6000	1,780
38,6500	1,228
38,7000	0,298
38,7500	-0,229
38,8000	0,011
38,8500	0,850
38,9000	1,641
38,9500	1,698
39,0000	0,952
39,0500	0,074
39,1000	-0,240
39,1500	0,220
39,2000	1,129
39,2500	1,755
39,3000	1,539
39,3500	0,666
39,4000	-0,101
39,4500	-0,181
39,5000	0,471
39,5500	1,379
39,6000	1,788
39,6500	1,321
39,7000	0,390
39,7500	-0,207
39,8000	-0,050
39,8500	0,752
39,9000	1,585
39,9500	1,734
40,0000	1,052
40,0500	0,146
40,1000	-0,243
40,1500	0,141
40,2000	1,037
40,2500	1,725
40,3000	1,601
40,3500	0,763
40,4000	-0,049
40,4500	-0,209
40,5000	0,385
40,5500	1,302
40,6000	1,786
40,6500	1,396
40,7000	0,479
40,7500	-0,181
40,8000	-0,102
40,8500	0,658
40,9000	1,524
40,9500	1,762
41,0000	1,140
41,0500	0,221
41,1000	-0,240
41,1500	0,074
41,2000	0,947
41,2500	1,687
41,3000	1,651
41,3500	0,855
41,4000	0,006
41,4500	-0,229
41,5000	0,303
41,5500	1,221
41,6000	1,775
41,6500	1,472
41,7000	0,570
41,7500	-0,145
41,8000	-0,145
41,8500	0,567
41,9000	1,458
41,9500	1,780
42,0000	1,228
42,0500	0,300
42,1000	-0,229
42,1500	0,008
42,2000	0,851
42,2500	1,641
42,3000	1,698
42,3500	0,952
42,4000	0,071
42,4500	-0,242
42,5000	0,225
42,5500	1,136
42,6000	1,756
42,6500	1,533
42,7000	0,657
42,7500	-0,105
42,8000	-0,178
42,8500	0,482
42,9000	1,390
42,9500	1,788
43,0000	1,312
43,0500	0,382
43,1000	-0,212
43,1500	-0,046
43,2000	0,762
43,2500	1,593
43,3000	1,731
43,3500	1,043
43,4000	0,138
43,4500	-0,243
43,5000	0,151
43,5500	1,048
43,6000	1,729
43,6500	1,593
43,7000	0,748
43,7500	-0,058
43,8000	-0,206
43,8500	0,399
43,9000	1,316
43,9500	1,786
44,0000	1,379
44,0500	0,459
44,1000	-0,187
44,1500	-0,091
44,2000	0,680
44,2500	1,539
44,3000	1,756
44,3500	1,120
44,4000	0,203
44,4500	-0,242
44,5000	0,090
44,5500	0,968
44,6000	1,698
44,6500	1,640
44,7000	0,833
44,7500	-0,006
44,8000	-0,225
44,8500	0,320
44,9000	1,239
44,9500	1,777
45,0000	1,456
45,0500	0,553
45,1000	-0,152
45,1500	-0,137
45,2000	0,583
45,2500	1,470
45,3000	1,775
45,3500	1,211
45,4000	0,283
45,4500	-0,232
45,5000	0,024
45,5500	0,870
45,6000	1,654
45,6500	1,687
45,7000	0,931
45,7500	0,057
45,8000	-0,240
45,8500	0,240
45,9000	1,153
45,9500	1,759
46,0000	1,521
46,0500	0,639
46,1000	-0,115
46,1500	-0,171
46,2000	0,501
46,2500	1,404
46,3000	1,786
46,3500	1,291
46,4000	0,361
46,4500	-0,217
46,5000	-0,031
46,5500	0,785
46,6000	1,605
46,6500	1,725
46,7000	1,019
46,7500	0,123
46,8000	-0,245
46,8500	0,168
46,9000	1,070
46,9500	1,736
47,0000	1,579
47,0500	0,724
47,1000	-0,071
47,1500	-0,199
47,2000	0,423
47,2500	1,338
47,3000	1,786
47,3500	1,360
47,4000	0,434
47,4500	-0,193
47,5000	-0,079
47,5500	0,704
47,6000	1,555
47,6500	1,748
47,7000	1,095
47,7500	0,181
47,8000	-0,242
47,8500	0,108
47,9000	0,994
47,9500	1,707
48,0000	1,627
48,0500	0,806
48,1000	-0,025
48,1500	-0,220
48,2000	0,349
48,2500	1,268
48,3000	1,780
48,3500	1,429
48,4000	0,515
48,4500	-0,167
48,5000	-0,119
48,5500	0,620
48,6000	1,499
48,6500	1,769
48,7000	1,177
48,7500	0,253
48,8000	-0,236
48,8500	0,047
48,9000	0,908
48,9500	1,671
49,0000	1,670
49,0500	0,894
49,1000	0,031
49,1500	-0,234
49,2000	0,272
49,2500	1,186
49,3000	1,769
49,3500	1,492
49,4000	0,600
49,4500	-0,130
49,5000	-0,157
49,5500	0,536
49,6000	1,433
49,6500	1,783
49,7000	1,258
49,7500	0,330
49,8000	-0,223
49,8500	-0,009
49,9000	0,822
49,9500	1,626
50,0000	1,711
50,0500	0,983
50,1000	0,094
50,1500	-0,243
50,2000	0,198
50,2500	1,104
50,3000	1,747
50,3500	1,557
50,4000	0,693
50,4500	-0,086
50,5000	-0,190
50,5500	0,448
50,6000	1,360
50,6500	1,786
50,7000	1,338
50,7500	0,412
50,8000	-0,203
50,8500	-0,066
50,9000	0,727
50,9500	1,569
51,0000	1,744
51,0500	1,074
51,1000	0,163
51,1500	-0,243
51,2000	0,126
51,2500	1,013
51,3000	1,715
51,3500	1,615
51,4000	0,785
51,4500	-0,036
51,5000	-0,215
51,5500	0,366
51,6000	1,283
51,6500	1,781
51,7000	1,415
51,7500	0,501
51,8000	-0,173
51,8500	-0,112
51,9000	0,638
51,9500	1,510
52,0000	1,767
52,0500	1,161
52,1000	0,239
52,1500	-0,239
52,2000	0,060
52,2500	0,924
52,3000	1,679
52,3500	1,663
52,4000	0,875
52,4500	0,020
52,5000	-0,231
52,5500	0,286
52,6000	1,202
52,6500	1,770
52,7000	1,481
52,7500	0,584
52,8000	-0,138
52,8500	-0,151
52,9000	0,554
52,9500	1,447
53,0000	1,781
53,0500	1,243
53,1000	0,313
53,1500	-0,226
53,2000	0,002
53,2500	0,839
53,3000	1,635
53,3500	1,703
53,4000	0,964
53,4500	0,082
53,5000	-0,242
53,5500	0,210
53,6000	1,122
53,6500	1,751
53,7000	1,544
53,7500	0,674
53,8000	-0,097
53,8500	-0,184
53,9000	0,470
53,9500	1,379
54,0000	1,786
54,0500	1,321
54,1000	0,390
54,1500	-0,207
54,2000	-0,052
54,2500	0,751
54,3000	1,585
54,3500	1,736
54,4000	1,051
54,4500	0,145
54,5000	-0,243
54,5500	0,145
54,6000	1,040
54,6500	1,725
54,7000	1,599
54,7500	0,759
54,8000	-0,052
54,8500	-0,209
54,9000	0,391
54,9500	1,307
55,0000	1,786
55,0500	1,395
55,1000	0,474
55,1500	-0,182
55,2000	-0,099
55,2500	0,664
55,3000	1,528
55,3500	1,759
55,4000	1,134
55,4500	0,217
55,5000	-0,240
55,5500	0,079
55,6000	0,952
55,6500	1,690
55,7000	1,649
55,7500	0,847
55,8000	0,000
55,8500	-0,228
55,9000	0,313
55,9500	1,232
56,0000	1,777
56,0500	1,461
56,1000	0,554
56,1500	-0,152
56,2000	-0,137
56,2500	0,583
56,3000	1,469
56,3500	1,777
56,4000	1,216
56,4500	0,286
56,5000	-0,232
56,5500	0,019
56,6000	0,867
56,6500	1,649
56,7000	1,690
56,7500	0,939
56,8000	0,063
56,8500	-0,240
56,9000	0,234
56,9500	1,145
57,0000	1,758
57,0500	1,527
57,1000	0,647
57,1500	-0,110
57,2000	-0,174
57,2500	0,493
57,3000	1,400
57,3500	1,786
57,4000	1,297
57,4500	0,369
57,5000	-0,214
57,5500	-0,036
57,6000	0,776
57,6500	1,601
57,7000	1,726
57,7500	1,027
57,8000	0,126
57,8500	-0,245
57,9000	0,163
57,9500	1,060
58,0000	1,733
58,0500	1,588
58,1000	0,740
58,1500	-0,061
58,2000	-0,203
58,2500	0,407
58,3000	1,324
58,3500	1,786
58,4000	1,379
58,4500	0,456
58,5000	-0,188
58,5500	-0,090
58,6000	0,683
58,6500	1,541
58,7000	1,755
58,7500	1,118
58,8000	0,199
58,8500	-0,242
58,9000	0,094
58,9500	0,972
59,0000	1,701
59,0500	1,637
59,1000	0,825
59,1500	-0,011
59,2000	-0,225
59,2500	0,327
59,3000	1,246
59,3500	1,780
59,4000	1,447
59,4500	0,540
59,5000	-0,157
59,5500	-0,130
59,6000	0,597
59,6500	1,480
59,7000	1,775
59,7500	1,200
59,8000	0,273
59,8500	-0,234
59,9000	0,031
59,9500	0,884
60,0000	1,662
60,0500	1,682
60,1000	0,914
60,1500	0,046
60,2000	-0,237
