#FFT von Winkelposition, Daten
#Frequenz ( Hz )	Relative Amplitude (  )
0,0000	1,231
1,9531	0,797
3,9063	1,000
5,8594	0,375
7,8125	0,138
9,7656	0,125
11,7188	0,089
13,6719	0,073
15,6250	0,063
17,5781	0,054
19,5313	0,049
21,4844	0,044
23,4375	0,040
25,3906	0,037
27,3438	0,034
29,2969	0,032
31,2500	0,030
33,2031	0,028
35,1563	0,027
37,1094	0,025
39,0625	0,024
41,0156	0,023
42,9688	0,022
44,9219	0,021
46,8750	0,020
48,8281	0,020
50,7813	0,019
52,7344	0,018
54,6875	0,018
56,6406	0,017
58,5938	0,017
60,5469	0,016
62,5000	0,016
64,4531	0,015
66,4063	0,015
68,3594	0,015
70,3125	0,014
72,2656	0,014
74,2188	0,014
76,1719	0,013
78,1250	0,013
80,0781	0,013
82,0313	0,013
83,9844	0,012
85,9375	0,012
87,8906	0,012
89,8438	0,012
91,7969	0,012
93,7500	0,012
95,7031	0,011
97,6563	0,011
99,6094	0,011
101,5625	0,011
103,5156	0,011
105,4688	0,011
107,4219	0,011
109,3750	0,010
111,3281	0,010
113,2813	0,010
115,2344	0,010
117,1875	0,010
119,1406	0,010
121,0938	0,010
123,0469	0,010
125,0000	0,010
126,9531	0,009
128,9063	0,010
130,8594	0,009
132,8125	0,009
134,7656	0,009
136,7188	0,009
138,6719	0,009
140,6250	0,009
142,5781	0,009
144,5313	0,009
146,4844	0,009
148,4375	0,009
150,3906	0,009
152,3438	0,009
154,2969	0,009
156,2500	0,009
158,2031	0,009
160,1563	0,009
162,1094	0,009
164,0625	0,008
166,0156	0,008
167,9688	0,008
169,9219	0,008
171,8750	0,008
173,8281	0,008
175,7813	0,008
177,7344	0,008
179,6875	0,008
181,6406	0,008
183,5938	0,008
185,5469	0,008
187,5000	0,008
189,4531	0,008
191,4063	0,008
193,3594	0,008
195,3125	0,008
197,2656	0,008
199,2188	0,008
201,1719	0,008
203,1250	0,008
205,0781	0,008
207,0313	0,008
208,9844	0,008
210,9375	0,008
212,8906	0,008
214,8438	0,008
216,7969	0,008
218,7500	0,008
220,7031	0,008
222,6563	0,008
224,6094	0,008
226,5625	0,008
228,5156	0,008
230,4688	0,007
232,4219	0,007
234,3750	0,007
236,3281	0,007
238,2813	0,007
240,2344	0,007
242,1875	0,007
244,1406	0,008
246,0938	0,007
248,0469	0,007
250,0000	0,007
251,9531	0,007
253,9063	0,007
255,8594	0,007
257,8125	0,007
259,7656	0,007
261,7188	0,007
263,6719	0,007
265,6250	0,007
267,5781	0,007
269,5313	0,007
271,4844	0,007
273,4375	0,007
275,3906	0,007
277,3438	0,007
279,2969	0,007
281,2500	0,007
283,2031	0,007
285,1563	0,007
287,1094	0,007
289,0625	0,007
291,0156	0,007
292,9688	0,007
294,9219	0,007
296,8750	0,007
298,8281	0,007
300,7813	0,007
302,7344	0,007
304,6875	0,007
306,6406	0,007
308,5938	0,007
310,5469	0,007
312,5000	0,007
314,4531	0,007
316,4063	0,007
318,3594	0,007
320,3125	0,007
322,2656	0,007
324,2188	0,007
326,1719	0,007
328,1250	0,007
330,0781	0,007
332,0313	0,007
333,9844	0,007
335,9375	0,007
337,8906	0,007
339,8438	0,007
341,7969	0,007
343,7500	0,007
345,7031	0,007
347,6563	0,007
349,6094	0,007
351,5625	0,007
353,5156	0,007
355,4688	0,007
357,4219	0,007
359,3750	0,007
361,3281	0,007
363,2813	0,007
365,2344	0,007
367,1875	0,007
369,1406	0,007
371,0938	0,007
373,0469	0,007
375,0000	0,007
376,9531	0,007
378,9063	0,007
380,8594	0,007
382,8125	0,007
384,7656	0,007
386,7188	0,007
388,6719	0,007
390,6250	0,007
392,5781	0,007
394,5313	0,007
396,4844	0,007
398,4375	0,007
400,3906	0,007
402,3438	0,007
404,2969	0,007
406,2500	0,007
408,2031	0,007
410,1563	0,007
412,1094	0,007
414,0625	0,007
416,0156	0,007
417,9688	0,007
419,9219	0,007
421,8750	0,007
423,8281	0,007
425,7813	0,007
427,7344	0,007
429,6875	0,007
431,6406	0,007
433,5938	0,007
435,5469	0,007
437,5000	0,007
439,4531	0,007
441,4063	0,007
443,3594	0,007
445,3125	0,007
447,2656	0,007
449,2188	0,007
451,1719	0,007
453,1250	0,007
455,0781	0,007
457,0313	0,007
458,9844	0,007
460,9375	0,007
462,8906	0,007
464,8438	0,007
466,7969	0,007
468,7500	0,007
470,7031	0,007
472,6563	0,007
474,6094	0,007
476,5625	0,007
478,5156	0,007
480,4688	0,007
482,4219	0,007
484,3750	0,007
486,3281	0,007
488,2813	0,007
490,2344	0,007
492,1875	0,007
494,1406	0,007
496,0938	0,007
498,0469	0,007
