#FFT von Winkelposition, Daten
#Frequenz ( Hz )	Relative Amplitude (  )
0,0000	0,533
1,9531	0,102
3,9062	1,000
5,8594	0,064
7,8125	0,018
9,7656	0,012
11,7187	0,005
13,6719	0,003
15,6250	0,003
17,5781	0,003
19,5312	0,003
21,4844	0,002
23,4375	0,002
25,3906	0,002
27,3437	0,002
29,2969	0,002
31,2500	0,002
33,2031	0,002
35,1562	0,002
37,1094	0,002
39,0625	0,002
41,0156	0,002
42,9687	0,002
44,9219	0,002
46,8750	0,002
48,8281	0,002
50,7812	0,002
52,7344	0,002
54,6875	0,002
56,6406	0,002
58,5937	0,002
60,5469	0,002
62,5000	0,002
64,4531	0,002
66,4062	0,002
68,3594	0,002
70,3125	0,002
72,2656	0,002
74,2187	0,002
76,1719	0,002
78,1250	0,002
80,0781	0,002
82,0312	0,002
83,9844	0,002
85,9375	0,001
87,8906	0,002
89,8437	0,002
91,7969	0,002
93,7500	0,002
95,7031	0,002
97,6562	0,002
99,6094	0,002
101,5625	0,002
103,5156	0,002
105,4687	0,002
107,4219	0,002
109,3750	0,002
111,3281	0,002
113,2812	0,002
115,2344	0,002
117,1875	0,002
119,1406	0,002
121,0937	0,002
123,0469	0,002
125,0000	0,002
126,9531	0,002
128,9062	0,002
130,8594	0,002
132,8125	0,002
134,7656	0,002
136,7187	0,002
138,6719	0,002
140,6250	0,002
142,5781	0,002
144,5312	0,002
146,4844	0,002
148,4375	0,002
150,3906	0,002
152,3437	0,002
154,2969	0,002
156,2500	0,002
158,2031	0,002
160,1562	0,002
162,1094	0,002
164,0625	0,002
166,0156	0,002
167,9687	0,002
169,9219	0,002
171,8750	0,002
173,8281	0,002
175,7812	0,002
177,7344	0,002
179,6875	0,002
181,6406	0,002
183,5937	0,002
185,5469	0,002
187,5000	0,002
189,4531	0,002
191,4062	0,002
193,3594	0,002
195,3125	0,002
197,2656	0,002
199,2187	0,002
201,1719	0,002
203,1250	0,002
205,0781	0,002
207,0312	0,002
208,9844	0,002
210,9375	0,002
212,8906	0,002
214,8437	0,002
216,7969	0,002
218,7500	0,002
220,7031	0,002
222,6562	0,002
224,6094	0,002
226,5625	0,002
228,5156	0,002
230,4687	0,002
232,4219	0,002
234,3750	0,002
236,3281	0,002
238,2812	0,002
240,2344	0,002
242,1875	0,002
244,1406	0,002
246,0937	0,002
248,0469	0,002
250,0000	0,002
251,9531	0,002
253,9062	0,002
255,8594	0,002
257,8125	0,002
259,7656	0,002
261,7187	0,002
263,6719	0,002
265,6250	0,002
267,5781	0,002
269,5312	0,002
271,4844	0,002
273,4375	0,002
275,3906	0,002
277,3437	0,002
279,2969	0,002
281,2500	0,002
283,2031	0,002
285,1562	0,002
287,1094	0,002
289,0625	0,002
291,0156	0,002
292,9687	0,002
294,9219	0,002
296,8750	0,002
298,8281	0,002
300,7812	0,002
302,7344	0,002
304,6875	0,002
306,6406	0,002
308,5937	0,002
310,5469	0,002
312,5000	0,002
314,4531	0,002
316,4062	0,002
318,3594	0,002
320,3125	0,002
322,2656	0,002
324,2187	0,002
326,1719	0,002
328,1250	0,002
330,0781	0,002
332,0312	0,002
333,9844	0,002
335,9375	0,002
337,8906	0,002
339,8437	0,002
341,7969	0,002
343,7500	0,002
345,7031	0,002
347,6562	0,002
349,6094	0,002
351,5625	0,002
353,5156	0,002
355,4687	0,002
357,4219	0,002
359,3750	0,002
361,3281	0,002
363,2812	0,002
365,2344	0,002
367,1875	0,002
369,1406	0,002
371,0937	0,002
373,0469	0,002
375,0000	0,002
376,9531	0,002
378,9062	0,002
380,8594	0,002
382,8125	0,002
384,7656	0,002
386,7187	0,002
388,6719	0,002
390,6250	0,002
392,5781	0,002
394,5312	0,002
396,4844	0,002
398,4375	0,002
400,3906	0,002
402,3437	0,002
404,2969	0,002
406,2500	0,002
408,2031	0,002
410,1562	0,002
412,1094	0,002
414,0625	0,002
416,0156	0,002
417,9687	0,002
419,9219	0,002
421,8750	0,002
423,8281	0,002
425,7812	0,002
427,7344	0,002
429,6875	0,002
431,6406	0,002
433,5937	0,002
435,5469	0,002
437,5000	0,002
439,4531	0,002
441,4062	0,002
443,3594	0,002
445,3125	0,002
447,2656	0,002
449,2187	0,002
451,1719	0,002
453,1250	0,002
455,0781	0,002
457,0312	0,002
458,9844	0,002
460,9375	0,002
462,8906	0,002
464,8437	0,002
466,7969	0,002
468,7500	0,002
470,7031	0,002
472,6562	0,002
474,6094	0,002
476,5625	0,002
478,5156	0,002
480,4687	0,002
482,4219	0,002
484,3750	0,002
486,3281	0,002
488,2812	0,002
490,2344	0,002
492,1875	0,002
494,1406	0,002
496,0937	0,002
498,0469	0,002
