# Temperatur, Messreihe #1
# Zeit (s); Temperatur (°C)
0,0000	22,9
0,2000	22,9
0,4000	22,9
0,6000	22,9
0,8000	22,9
1,0000	22,9
1,2000	22,9
1,4000	22,9
1,6000	22,9
1,8000	22,9
2,0000	22,9
2,2000	22,9
2,4000	22,9
2,6000	22,9
2,8000	22,9
3,0000	22,9
3,2000	22,9
3,4000	22,9
3,6000	22,8
3,8000	22,8
4,0000	22,8
4,2000	22,8
4,4000	22,8
4,6000	22,8
4,8000	22,8
5,0000	22,8
5,2000	22,8
5,4000	22,8
5,6000	22,8
5,8000	22,7
6,0000	22,7
6,2000	22,7
6,4000	22,7
6,6000	22,7
6,8000	22,7
7,0000	22,7
7,2000	22,6
7,4000	22,6
7,6000	22,6
7,8000	22,6
8,0000	22,6
8,2000	22,5
8,4000	22,5
8,6000	22,5
8,8000	22,5
9,0000	22,5
9,2000	22,4
9,4000	22,4
9,6000	22,4
9,8000	22,4
10,0000	22,3
10,2000	22,3
10,4000	22,3
10,6000	22,3
10,8000	22,2
11,0000	22,2
11,2000	22,2
11,4000	22,2
11,6000	22,1
11,8000	22,1
12,0000	22,1
12,2000	22,0
12,4000	22,0
12,6000	22,0
12,8000	21,9
13,0000	21,9
13,2000	21,9
13,4000	21,9
13,6000	21,8
13,8000	21,8
14,0000	21,8
14,2000	21,7
14,4000	21,7
14,6000	21,7
14,8000	21,6
15,0000	21,6
15,2000	21,6
15,4000	21,5
15,6000	21,5
15,8000	21,5
16,0000	21,4
16,2000	21,4
16,4000	21,4
16,6000	21,3
16,8000	21,3
17,0000	21,3
17,2000	21,2
17,4000	21,2
17,6000	21,1
17,8000	21,1
18,0000	21,1
18,2000	21,0
18,4000	21,0
18,6000	21,0
18,8000	20,9
19,0000	20,9
19,2000	20,9
19,4000	20,8
19,6000	20,8
19,8000	20,8
20,0000	20,7
20,2000	20,7
20,4000	20,6
20,6000	20,6
20,8000	20,6
21,0000	20,5
21,2000	20,5
21,4000	20,5
21,6000	20,4
21,8000	20,4
22,0000	20,4
22,2000	20,3
22,4000	20,3
22,6000	20,3
22,8000	20,2
23,0000	20,2
23,2000	20,2
23,4000	20,1
23,6000	20,1
23,8000	20,0
24,0000	20,0
24,2000	20,0
24,4000	19,9
24,6000	19,9
24,8000	19,9
25,0000	19,8
25,2000	19,8
25,4000	19,8
25,6000	19,7
25,8000	19,7
26,0000	19,7
26,2000	19,6
26,4000	19,6
26,6000	19,6
26,8000	19,5
27,0000	19,5
27,2000	19,4
27,4000	19,4
27,6000	19,4
27,8000	19,3
28,0000	19,3
28,2000	19,3
28,4000	19,2
28,6000	19,2
28,8000	19,2
29,0000	19,1
29,2000	19,1
29,4000	19,1
29,6000	19,0
29,8000	19,0
30,0000	19,0
30,2000	18,9
30,4000	18,9
30,6000	18,8
30,8000	18,8
31,0000	18,8
31,2000	18,7
31,4000	18,7
31,6000	18,7
31,8000	18,6
32,0000	18,6
32,2000	18,6
32,4000	18,5
32,6000	18,5
32,8000	18,5
33,0000	18,4
33,2000	18,4
33,4000	18,4
33,6000	18,3
33,8000	18,3
34,0000	18,2
34,2000	18,2
34,4000	18,2
34,6000	18,1
34,8000	18,1
35,0000	18,1
35,2000	18,0
35,4000	18,0
35,6000	18,0
35,8000	17,9
36,0000	17,9
36,2000	17,9
36,4000	17,8
36,6000	17,8
36,8000	17,8
37,0000	17,7
37,2000	17,7
37,4000	17,7
37,6000	17,6
37,8000	17,6
38,0000	17,6
38,2000	17,5
38,4000	17,5
38,6000	17,4
38,8000	17,4
39,0000	17,4
39,2000	17,3
39,4000	17,3
39,6000	17,3
39,8000	17,2
40,0000	17,2
40,2000	17,2
40,4000	17,1
40,6000	17,1
40,8000	17,1
41,0000	17,0
41,2000	17,0
41,4000	17,0
41,6000	16,9
41,8000	16,9
42,0000	16,9
42,2000	16,8
42,4000	16,8
42,6000	16,8
42,8000	16,7
43,0000	16,7
43,2000	16,7
43,4000	16,6
43,6000	16,6
43,8000	16,6
44,0000	16,5
44,2000	16,5
44,4000	16,5
44,6000	16,4
44,8000	16,4
45,0000	16,4
45,2000	16,3
45,4000	16,3
45,6000	16,2
45,8000	16,2
46,0000	16,2
46,2000	16,1
46,4000	16,1
46,6000	16,1
46,8000	16,0
47,0000	16,0
47,2000	16,0
47,4000	15,9
47,6000	15,9
47,8000	15,9
48,0000	15,8
48,2000	15,8
48,4000	15,8
48,6000	15,7
48,8000	15,7
49,0000	15,7
49,2000	15,6
49,4000	15,6
49,6000	15,6
49,8000	15,5
50,0000	15,5
50,2000	15,5
50,4000	15,4
50,6000	15,4
50,8000	15,4
51,0000	15,3
51,2000	15,3
51,4000	15,2
51,6000	15,2
51,8000	15,2
52,0000	15,1
52,2000	15,1
52,4000	15,1
52,6000	15,0
52,8000	15,0
53,0000	15,0
53,2000	14,9
53,4000	14,9
53,6000	14,9
53,8000	14,8
54,0000	14,8
54,2000	14,8
54,4000	14,7
54,6000	14,7
54,8000	14,7
55,0000	14,7
55,2000	14,6
55,4000	14,6
55,6000	14,6
55,8000	14,5
56,0000	14,5
56,2000	14,5
56,4000	14,4
56,6000	14,4
56,8000	14,4
57,0000	14,3
57,2000	14,3
57,4000	14,3
57,6000	14,2
57,8000	14,2
58,0000	14,2
58,2000	14,1
58,4000	14,1
58,6000	14,1
58,8000	14,0
59,0000	14,0
59,2000	14,0
59,4000	13,9
59,6000	13,9
59,8000	13,9
60,0000	13,8
60,2000	13,8
60,4000	13,8
60,6000	13,7
60,8000	13,7
61,0000	13,7
61,2000	13,6
61,4000	13,6
61,6000	13,6
61,8000	13,6
62,0000	13,5
62,2000	13,5
62,4000	13,5
62,6000	13,4
62,8000	13,4
63,0000	13,4
63,2000	13,3
63,4000	13,3
63,6000	13,3
63,8000	13,2
64,0000	13,2
64,2000	13,2
64,4000	13,1
64,6000	13,1
64,8000	13,1
65,0000	13,0
65,2000	13,0
65,4000	13,0
65,6000	13,0
65,8000	12,9
66,0000	12,9
66,2000	12,9
66,4000	12,8
66,6000	12,8
66,8000	12,8
67,0000	12,7
67,2000	12,7
67,4000	12,7
67,6000	12,6
67,8000	12,6
68,0000	12,6
68,2000	12,5
68,4000	12,5
68,6000	12,5
68,8000	12,4
69,0000	12,4
69,2000	12,4
69,4000	12,4
69,6000	12,3
69,8000	12,3
70,0000	12,3
70,2000	12,2
70,4000	12,2
70,6000	12,2
70,8000	12,1
71,0000	12,1
71,2000	12,1
71,4000	12,1
71,6000	12,0
71,8000	12,0
72,0000	12,0
72,2000	11,9
72,4000	11,9
72,6000	11,9
72,8000	11,8
73,0000	11,8
73,2000	11,8
73,4000	11,7
73,6000	11,7
73,8000	11,7
74,0000	11,6
74,2000	11,6
74,4000	11,6
74,6000	11,6
74,8000	11,5
75,0000	11,5
75,2000	11,5
75,4000	11,4
75,6000	11,4
75,8000	11,4
76,0000	11,3
76,2000	11,3
76,4000	11,3
76,6000	11,2
76,8000	11,2
77,0000	11,2
77,2000	11,1
77,4000	11,1
77,6000	11,1
77,8000	11,0
78,0000	11,0
78,2000	11,0
78,4000	11,0
78,6000	10,9
78,8000	10,9
79,0000	10,9
79,2000	10,8
79,4000	10,8
79,6000	10,8
79,8000	10,7
80,0000	10,7
80,2000	10,7
80,4000	10,6
80,6000	10,6
80,8000	10,6
81,0000	10,6
81,2000	10,5
81,4000	10,5
81,6000	10,5
81,8000	10,4
82,0000	10,4
82,2000	10,4
82,4000	10,3
82,6000	10,3
82,8000	10,3
83,0000	10,3
83,2000	10,2
83,4000	10,2
83,6000	10,2
83,8000	10,1
84,0000	10,1
84,2000	10,1
84,4000	10,1
84,6000	10,0
84,8000	10,0
85,0000	10,0
85,2000	9,9
85,4000	9,9
85,6000	9,9
85,8000	9,9
86,0000	9,8
86,2000	9,8
86,4000	9,8
86,6000	9,7
86,8000	9,7
87,0000	9,7
87,2000	9,7
87,4000	9,6
87,6000	9,6
87,8000	9,6
88,0000	9,5
88,2000	9,5
88,4000	9,5
88,6000	9,5
88,8000	9,4
89,0000	9,4
89,2000	9,4
89,4000	9,3
89,6000	9,3
89,8000	9,3
90,0000	9,3
90,2000	9,2
90,4000	9,2
90,6000	9,2
90,8000	9,2
91,0000	9,1
91,2000	9,1
91,4000	9,1
91,6000	9,0
91,8000	9,0
92,0000	9,0
92,2000	9,0
92,4000	8,9
92,6000	8,9
92,8000	8,9
93,0000	8,9
93,2000	8,8
93,4000	8,8
93,6000	8,8
93,8000	8,7
94,0000	8,7
94,2000	8,7
94,4000	8,7
94,6000	8,6
94,8000	8,6
95,0000	8,6
95,2000	8,6
95,4000	8,5
95,6000	8,5
95,8000	8,5
96,0000	8,4
96,2000	8,4
96,4000	8,4
96,6000	8,4
96,8000	8,3
97,0000	8,3
97,2000	8,3
97,4000	8,3
97,6000	8,2
97,8000	8,2
98,0000	8,2
98,2000	8,2
98,4000	8,1
98,6000	8,1
98,8000	8,1
99,0000	8,1
99,2000	8,0
99,4000	8,0
99,6000	8,0
99,8000	8,0
100,0000	7,9
100,2000	7,9
100,4000	7,9
100,6000	7,9
100,8000	7,8
101,0000	7,8
101,2000	7,8
101,4000	7,8
101,6000	7,7
101,8000	7,7
102,0000	7,7
102,2000	7,6
102,4000	7,6
102,6000	7,6
102,8000	7,6
103,0000	7,5
103,2000	7,5
103,4000	7,5
103,6000	7,4
103,8000	7,4
104,0000	7,4
104,2000	7,4
104,4000	7,3
104,6000	7,3
104,8000	7,3
105,0000	7,2
105,2000	7,2
105,4000	7,2
105,6000	7,2
105,8000	7,1
106,0000	7,1
106,2000	7,1
106,4000	7,1
106,6000	7,0
106,8000	7,0
107,0000	7,0
107,2000	6,9
107,4000	6,9
107,6000	6,9
107,8000	6,9
108,0000	6,8
108,2000	6,8
108,4000	6,8
108,6000	6,8
108,8000	6,7
109,0000	6,7
109,2000	6,7
109,4000	6,7
109,6000	6,6
109,8000	6,6
110,0000	6,6
110,2000	6,6
110,4000	6,5
110,6000	6,5
110,8000	6,5
111,0000	6,4
111,2000	6,4
111,4000	6,4
111,6000	6,4
111,8000	6,3
112,0000	6,3
112,2000	6,3
112,4000	6,3
112,6000	6,2
112,8000	6,2
113,0000	6,2
113,2000	6,2
113,4000	6,1
113,6000	6,1
113,8000	6,1
114,0000	6,1
114,2000	6,0
114,4000	6,0
114,6000	6,0
114,8000	6,0
115,0000	5,9
115,2000	5,9
115,4000	5,9
115,6000	5,9
115,8000	5,8
116,0000	5,8
116,2000	5,8
116,4000	5,8
116,6000	5,8
116,8000	5,7
117,0000	5,7
117,2000	5,7
117,4000	5,7
117,6000	5,6
117,8000	5,6
118,0000	5,6
118,2000	5,6
118,4000	5,5
118,6000	5,5
118,8000	5,5
119,0000	5,5
119,2000	5,4
119,4000	5,4
119,6000	5,4
119,8000	5,4
120,0000	5,3
120,2000	5,3
120,4000	5,3
120,6000	5,3
120,8000	5,2
121,0000	5,2
121,2000	5,2
121,4000	5,2
121,6000	5,1
121,8000	5,1
122,0000	5,1
122,2000	5,1
122,4000	5,1
122,6000	5,0
122,8000	5,0
123,0000	5,0
123,2000	5,0
123,4000	4,9
123,6000	4,9
123,8000	4,9
124,0000	4,9
124,2000	4,8
124,4000	4,8
124,6000	4,8
124,8000	4,8
125,0000	4,8
125,2000	4,7
125,4000	4,7
125,6000	4,7
125,8000	4,7
126,0000	4,6
126,2000	4,6
126,4000	4,6
126,6000	4,6
126,8000	4,5
127,0000	4,5
127,2000	4,5
127,4000	4,5
127,6000	4,5
127,8000	4,4
128,0000	4,4
128,2000	4,4
128,4000	4,4
128,6000	4,3
128,8000	4,3
129,0000	4,3
129,2000	4,3
129,4000	4,2
129,6000	4,2
129,8000	4,2
130,0000	4,2
130,2000	4,1
130,4000	4,1
130,6000	4,1
130,8000	4,1
131,0000	4,1
131,2000	4,0
131,4000	4,0
131,6000	4,0
131,8000	3,9
132,0000	3,9
132,2000	3,9
132,4000	3,9
132,6000	3,8
132,8000	3,8
133,0000	3,8
133,2000	3,8
133,4000	3,7
133,6000	3,7
133,8000	3,7
134,0000	3,7
134,2000	3,6
134,4000	3,6
134,6000	3,6
134,8000	3,5
135,0000	3,5
135,2000	3,5
135,4000	3,5
135,6000	3,4
135,8000	3,4
136,0000	3,4
136,2000	3,4
136,4000	3,3
136,6000	3,3
136,8000	3,3
137,0000	3,3
137,2000	3,2
137,4000	3,2
137,6000	3,2
137,8000	3,1
138,0000	3,1
138,2000	3,1
138,4000	3,1
138,6000	3,0
138,8000	3,0
139,0000	3,0
139,2000	3,0
139,4000	2,9
139,6000	2,9
139,8000	2,9
140,0000	2,9
140,2000	2,8
140,4000	2,8
140,6000	2,8
140,8000	2,8
141,0000	2,7
141,2000	2,7
141,4000	2,7
141,6000	2,7
141,8000	2,6
142,0000	2,6
142,2000	2,6
142,4000	2,6
142,6000	2,5
142,8000	2,5
143,0000	2,5
143,2000	2,5
143,4000	2,5
143,6000	2,4
143,8000	2,4
144,0000	2,4
144,2000	2,4
144,4000	2,3
144,6000	2,3
144,8000	2,3
145,0000	2,3
145,2000	2,2
145,4000	2,2
145,6000	2,2
145,8000	2,2
146,0000	2,1
146,2000	2,1
146,4000	2,1
146,6000	2,1
146,8000	2,0
147,0000	2,0
147,2000	2,0
147,4000	2,0
147,6000	1,9
147,8000	1,9
148,0000	1,9
148,2000	1,9
148,4000	1,8
148,6000	1,8
148,8000	1,8
149,0000	1,8
149,2000	1,7
149,4000	1,7
149,6000	1,7
149,8000	1,7
150,0000	1,6
150,2000	1,6
150,4000	1,6
150,6000	1,6
150,8000	1,5
151,0000	1,5
151,2000	1,5
151,4000	1,5
151,6000	1,4
151,8000	1,4
152,0000	1,4
152,2000	1,4
152,4000	1,4
152,6000	1,3
152,8000	1,3
153,0000	1,3
153,2000	1,3
153,4000	1,2
153,6000	1,2
153,8000	1,2
154,0000	1,2
154,2000	1,1
154,4000	1,1
154,6000	1,1
154,8000	1,1
155,0000	1,1
155,2000	1,0
155,4000	1,0
155,6000	1,0
155,8000	1,0
156,0000	1,0
156,2000	0,9
156,4000	0,9
156,6000	0,9
156,8000	0,9
157,0000	0,8
157,2000	0,8
157,4000	0,8
157,6000	0,8
157,8000	0,7
158,0000	0,7
158,2000	0,7
158,4000	0,7
158,6000	0,7
158,8000	0,6
159,0000	0,6
159,2000	0,6
159,4000	0,6
159,6000	0,5
159,8000	0,5
160,0000	0,5
160,2000	0,5
160,4000	0,5
160,6000	0,4
160,8000	0,4
161,0000	0,4
161,2000	0,4
161,4000	0,3
161,6000	0,3
161,8000	0,3
162,0000	0,3
162,2000	0,2
162,4000	0,2
162,6000	0,2
162,8000	0,2
163,0000	0,2
163,2000	0,1
163,4000	0,1
163,6000	0,1
163,8000	0,1
164,0000	0,0
164,2000	0,0
164,4000	0,0
164,6000	0,0
164,8000	-0,1
165,0000	-0,1
165,2000	-0,1
165,4000	-0,1
165,6000	-0,1
165,8000	-0,2
166,0000	-0,2
166,2000	-0,2
166,4000	-0,2
166,6000	-0,3
166,8000	-0,3
167,0000	-0,3
167,2000	-0,3
167,4000	-0,4
167,6000	-0,4
167,8000	-0,4
168,0000	-0,4
168,2000	-0,4
168,4000	-0,5
168,6000	-0,5
168,8000	-0,5
169,0000	-0,5
169,2000	-0,6
169,4000	-0,6
169,6000	-0,6
169,8000	-0,6
170,0000	-0,6
170,2000	-0,7
170,4000	-0,7
170,6000	-0,7
170,8000	-0,7
171,0000	-0,7
171,2000	-0,8
171,4000	-0,8
171,6000	-0,8
171,8000	-0,8
172,0000	-0,9
172,2000	-0,9
172,4000	-0,9
172,6000	-0,9
172,8000	-0,9
173,0000	-1,0
173,2000	-1,0
173,4000	-1,0
173,6000	-1,0
173,8000	-1,1
174,0000	-1,1
174,2000	-1,1
174,4000	-1,1
174,6000	-1,1
174,8000	-1,2
175,0000	-1,2
175,2000	-1,2
175,4000	-1,2
175,6000	-1,3
175,8000	-1,3
176,0000	-1,3
176,2000	-1,3
176,4000	-1,3
176,6000	-1,4
176,8000	-1,4
177,0000	-1,4
177,2000	-1,4
177,4000	-1,5
177,6000	-1,5
177,8000	-1,5
178,0000	-1,5
178,2000	-1,5
178,4000	-1,6
178,6000	-1,6
178,8000	-1,6
179,0000	-1,6
179,2000	-1,6
179,4000	-1,7
179,6000	-1,7
179,8000	-1,7
180,0000	-1,7
180,2000	-1,8
180,4000	-1,8
180,6000	-1,8
180,8000	-1,8
181,0000	-1,8
181,2000	-1,8
181,4000	-1,9
181,6000	-1,9
181,8000	-1,9
182,0000	-1,9
182,2000	-1,9
182,4000	-2,0
182,6000	-2,0
182,8000	-2,0
183,0000	-2,0
183,2000	-2,0
183,4000	-2,1
183,6000	-2,1
183,8000	-2,1
184,0000	-2,1
184,2000	-2,1
184,4000	-2,2
184,6000	-2,2
184,8000	-2,2
185,0000	-2,2
185,2000	-2,2
185,4000	-2,2
185,6000	-2,3
185,8000	-2,3
186,0000	-2,3
186,2000	-2,3
186,4000	-2,3
186,6000	-2,4
186,8000	-2,4
187,0000	-2,4
187,2000	-2,4
187,4000	-2,4
187,6000	-2,5
187,8000	-2,5
188,0000	-2,5
188,2000	-2,5
188,4000	-2,5
188,6000	-2,6
188,8000	-2,6
189,0000	-2,6
189,2000	-2,6
189,4000	-2,7
189,6000	-2,7
189,8000	-2,7
190,0000	-2,7
190,2000	-2,7
190,4000	-2,8
190,6000	-2,8
190,8000	-2,8
191,0000	-2,8
191,2000	-2,8
191,4000	-2,9
191,6000	-2,9
191,8000	-2,9
192,0000	-2,9
192,2000	-2,9
192,4000	-3,0
192,6000	-3,0
192,8000	-3,0
193,0000	-3,0
193,2000	-3,1
193,4000	-3,1
193,6000	-3,1
193,8000	-3,1
194,0000	-3,1
194,2000	-3,2
194,4000	-3,2
194,6000	-3,2
194,8000	-3,2
195,0000	-3,2
195,2000	-3,3
195,4000	-3,3
195,6000	-3,3
195,8000	-3,3
196,0000	-3,3
196,2000	-3,4
196,4000	-3,4
196,6000	-3,4
196,8000	-3,4
197,0000	-3,4
197,2000	-3,5
197,4000	-3,5
197,6000	-3,5
197,8000	-3,5
198,0000	-3,5
198,2000	-3,6
198,4000	-3,6
198,6000	-3,6
198,8000	-3,6
199,0000	-3,6
199,2000	-3,7
199,4000	-3,7
199,6000	-3,7
199,8000	-3,7
200,0000	-3,7
200,2000	-3,5
200,4000	-3,1
200,6000	-2,7
200,8000	-2,3
201,0000	-2,0
201,2000	-1,7
201,4000	-1,5
201,6000	-1,3
201,8000	-1,1
202,0000	-0,9
202,2000	-0,8
202,4000	-0,7
202,6000	-0,5
202,8000	-0,4
203,0000	-0,4
203,2000	-0,3
203,4000	-0,2
203,6000	-0,2
203,8000	-0,1
204,0000	-0,1
204,2000	0,0
204,4000	0,0
204,6000	0,1
204,8000	0,1
205,0000	0,1
205,2000	0,2
205,4000	0,2
205,6000	0,2
205,8000	0,2
206,0000	0,2
206,2000	0,2
206,4000	0,3
206,6000	0,3
206,8000	0,3
207,0000	0,3
207,2000	0,3
207,4000	0,3
207,6000	0,3
207,8000	0,3
208,0000	0,3
208,2000	0,3
208,4000	0,4
208,6000	0,4
208,8000	0,4
209,0000	0,4
209,2000	0,4
209,4000	0,4
209,6000	0,4
209,8000	0,4
210,0000	0,4
210,2000	0,4
210,4000	0,4
210,6000	0,4
210,8000	0,4
211,0000	0,4
211,2000	0,4
211,4000	0,4
211,6000	0,4
211,8000	0,4
212,0000	0,4
212,2000	0,4
212,4000	0,4
212,6000	0,4
212,8000	0,4
213,0000	0,4
213,2000	0,4
213,4000	0,4
213,6000	0,4
213,8000	0,4
214,0000	0,4
214,2000	0,4
214,4000	0,4
214,6000	0,4
214,8000	0,4
215,0000	0,4
215,2000	0,4
215,4000	0,4
215,6000	0,4
215,8000	0,4
216,0000	0,4
216,2000	0,4
216,4000	0,4
216,6000	0,4
216,8000	0,4
217,0000	0,4
217,2000	0,4
217,4000	0,4
217,6000	0,4
217,8000	0,4
218,0000	0,4
218,2000	0,4
218,4000	0,4
218,6000	0,4
218,8000	0,4
219,0000	0,4
219,2000	0,4
219,4000	0,4
219,6000	0,4
219,8000	0,4
220,0000	0,4
220,2000	0,4
220,4000	0,4
220,6000	0,4
220,8000	0,4
221,0000	0,4
221,2000	0,4
221,4000	0,4
221,6000	0,4
221,8000	0,4
222,0000	0,4
222,2000	0,4
222,4000	0,4
222,6000	0,4
222,8000	0,4
223,0000	0,4
223,2000	0,4
223,4000	0,4
223,6000	0,4
223,8000	0,4
224,0000	0,4
224,2000	0,4
224,4000	0,5
224,6000	0,5
224,8000	0,5
225,0000	0,5
225,2000	0,5
225,4000	0,5
225,6000	0,5
225,8000	0,5
226,0000	0,5
226,2000	0,5
226,4000	0,5
226,6000	0,5
226,8000	0,5
227,0000	0,5
227,2000	0,5
227,4000	0,5
227,6000	0,5
227,8000	0,5
228,0000	0,5
228,2000	0,5
228,4000	0,5
228,6000	0,5
228,8000	0,5
229,0000	0,5
229,2000	0,5
229,4000	0,5
229,6000	0,5
229,8000	0,5
230,0000	0,5
230,2000	0,5
230,4000	0,5
230,6000	0,5
230,8000	0,5
231,0000	0,5
231,2000	0,5
231,4000	0,5
231,6000	0,5
231,8000	0,5
232,0000	0,5
232,2000	0,5
232,4000	0,5
232,6000	0,5
232,8000	0,5
233,0000	0,5
233,2000	0,5
233,4000	0,5
233,6000	0,5
233,8000	0,5
234,0000	0,5
234,2000	0,5
234,4000	0,5
234,6000	0,5
234,8000	0,5
235,0000	0,5
235,2000	0,5
235,4000	0,5
235,6000	0,5
235,8000	0,5
236,0000	0,5
236,2000	0,5
236,4000	0,5
236,6000	0,5
236,8000	0,5
237,0000	0,5
237,2000	0,5
237,4000	0,5
237,6000	0,5
237,8000	0,5
238,0000	0,5
238,2000	0,5
238,4000	0,5
238,6000	0,5
238,8000	0,5
239,0000	0,5
239,2000	0,5
239,4000	0,5
239,6000	0,5
239,8000	0,5
240,0000	0,5
240,2000	0,5
240,4000	0,5
240,6000	0,5
240,8000	0,5
241,0000	0,5
241,2000	0,5
241,4000	0,5
241,6000	0,5
241,8000	0,5
242,0000	0,5
242,2000	0,5
242,4000	0,5
242,6000	0,5
242,8000	0,5
243,0000	0,5
243,2000	0,5
243,4000	0,5
243,6000	0,5
243,8000	0,5
244,0000	0,5
244,2000	0,5
244,4000	0,5
244,6000	0,5
244,8000	0,5
245,0000	0,5
245,2000	0,5
245,4000	0,5
245,6000	0,5
245,8000	0,5
246,0000	0,5
246,2000	0,5
246,4000	0,5
246,6000	0,5
246,8000	0,5
247,0000	0,5
247,2000	0,5
247,4000	0,5
247,6000	0,5
247,8000	0,5
248,0000	0,5
248,2000	0,5
248,4000	0,5
248,6000	0,5
248,8000	0,5
249,0000	0,5
249,2000	0,5
249,4000	0,5
249,6000	0,5
249,8000	0,5
250,0000	0,5
250,2000	0,5
250,4000	0,5
250,6000	0,5
250,8000	0,5
251,0000	0,5
251,2000	0,5
251,4000	0,5
251,6000	0,5
251,8000	0,5
252,0000	0,5
252,2000	0,5
252,4000	0,5
252,6000	0,5
252,8000	0,5
253,0000	0,5
253,2000	0,5
253,4000	0,5
253,6000	0,5
253,8000	0,5
254,0000	0,5
254,2000	0,5
254,4000	0,5
254,6000	0,5
254,8000	0,5
255,0000	0,5
255,2000	0,5
255,4000	0,5
255,6000	0,5
255,8000	0,5
256,0000	0,5
256,2000	0,5
256,4000	0,5
256,6000	0,5
256,8000	0,5
257,0000	0,5
257,2000	0,5
257,4000	0,5
257,6000	0,5
257,8000	0,5
258,0000	0,5
258,2000	0,5
258,4000	0,5
258,6000	0,5
258,8000	0,5
259,0000	0,5
259,2000	0,5
259,4000	0,5
259,6000	0,5
259,8000	0,5
260,0000	0,5
260,2000	0,5
260,4000	0,5
260,6000	0,5
260,8000	0,5
261,0000	0,5
261,2000	0,5
261,4000	0,5
261,6000	0,5
261,8000	0,5
262,0000	0,5
262,2000	0,5
262,4000	0,5
262,6000	0,5
262,8000	0,5
263,0000	0,5
263,2000	0,5
263,4000	0,5
263,6000	0,5
263,8000	0,5
264,0000	0,5
264,2000	0,5
264,4000	0,5
264,6000	0,5
264,8000	0,5
265,0000	0,5
265,2000	0,5
265,4000	0,5
265,6000	0,5
265,8000	0,5
266,0000	0,5
266,2000	0,5
266,4000	0,5
266,6000	0,5
266,8000	0,5
267,0000	0,5
267,2000	0,5
267,4000	0,5
267,6000	0,5
267,8000	0,5
268,0000	0,5
268,2000	0,5
268,4000	0,5
268,6000	0,5
268,8000	0,5
269,0000	0,5
269,2000	0,5
269,4000	0,5
269,6000	0,5
269,8000	0,5
270,0000	0,5
270,2000	0,5
270,4000	0,5
270,6000	0,5
270,8000	0,5
271,0000	0,5
271,2000	0,5
271,4000	0,5
271,6000	0,5
271,8000	0,5
272,0000	0,5
272,2000	0,5
272,4000	0,5
272,6000	0,5
272,8000	0,5
273,0000	0,5
273,2000	0,5
273,4000	0,5
273,6000	0,5
273,8000	0,5
274,0000	0,5
274,2000	0,5
274,4000	0,5
274,6000	0,5
274,8000	0,5
275,0000	0,5
275,2000	0,5
275,4000	0,5
275,6000	0,5
275,8000	0,5
276,0000	0,5
276,2000	0,5
276,4000	0,5
276,6000	0,5
276,8000	0,5
277,0000	0,5
277,2000	0,5
277,4000	0,5
277,6000	0,5
277,8000	0,5
278,0000	0,5
278,2000	0,5
278,4000	0,5
278,6000	0,5
278,8000	0,5
279,0000	0,5
279,2000	0,5
279,4000	0,5
279,6000	0,5
279,8000	0,5
280,0000	0,5
280,2000	0,5
280,4000	0,5
280,6000	0,5
280,8000	0,5
281,0000	0,5
281,2000	0,5
281,4000	0,5
281,6000	0,5
281,8000	0,5
282,0000	0,5
282,2000	0,5
282,4000	0,5
282,6000	0,5
282,8000	0,5
283,0000	0,5
283,2000	0,5
283,4000	0,5
283,6000	0,5
283,8000	0,5
284,0000	0,5
284,2000	0,5
284,4000	0,5
284,6000	0,5
284,8000	0,5
285,0000	0,5
285,2000	0,5
285,4000	0,5
285,6000	0,5
285,8000	0,5
286,0000	0,5
286,2000	0,5
286,4000	0,5
286,6000	0,5
286,8000	0,5
287,0000	0,5
287,2000	0,5
287,4000	0,5
287,6000	0,5
287,8000	0,5
288,0000	0,5
288,2000	0,5
288,4000	0,5
288,6000	0,5
288,8000	0,5
289,0000	0,5
289,2000	0,5
289,4000	0,5
289,6000	0,5
289,8000	0,5
290,0000	0,5
290,2000	0,5
290,4000	0,5
290,6000	0,5
290,8000	0,5
291,0000	0,5
291,2000	0,5
291,4000	0,5
291,6000	0,5
291,8000	0,5
292,0000	0,5
292,2000	0,5
292,4000	0,5
292,6000	0,5
292,8000	0,5
293,0000	0,5
293,2000	0,5
293,4000	0,5
293,6000	0,5
293,8000	0,5
294,0000	0,5
294,2000	0,5
294,4000	0,5
294,6000	0,5
294,8000	0,5
295,0000	0,5
295,2000	0,5
295,4000	0,5
295,6000	0,5
295,8000	0,5
296,0000	0,5
296,2000	0,5
296,4000	0,5
296,6000	0,5
296,8000	0,5
297,0000	0,5
297,2000	0,5
297,4000	0,5
297,6000	0,5
297,8000	0,5
298,0000	0,5
298,2000	0,5
298,4000	0,5
298,6000	0,5
298,8000	0,5
299,0000	0,5
299,2000	0,5
299,4000	0,5
299,6000	0,5
299,8000	0,5
300,0000	0,5
300,2000	0,5
300,4000	0,5
300,6000	0,5
300,8000	0,5
301,0000	0,5
301,2000	0,5
301,4000	0,5
301,6000	0,5
301,8000	0,5
302,0000	0,5
302,2000	0,5
302,4000	0,5
302,6000	0,5
302,8000	0,5
303,0000	0,5
303,2000	0,5
303,4000	0,5
303,6000	0,5
303,8000	0,5
304,0000	0,5
304,2000	0,5
304,4000	0,5
304,6000	0,5
304,8000	0,5
305,0000	0,5
305,2000	0,5
305,4000	0,5
305,6000	0,5
305,8000	0,5
306,0000	0,5
306,2000	0,5
306,4000	0,5
306,6000	0,5
306,8000	0,5
307,0000	0,5
307,2000	0,5
307,4000	0,5
307,6000	0,5
307,8000	0,5
308,0000	0,5
308,2000	0,5
308,4000	0,5
308,6000	0,5
308,8000	0,5
309,0000	0,5
309,2000	0,5
309,4000	0,5
309,6000	0,5
309,8000	0,5
310,0000	0,5
310,2000	0,5
310,4000	0,5
310,6000	0,5
310,8000	0,5
311,0000	0,5
311,2000	0,5
311,4000	0,5
311,6000	0,5
311,8000	0,5
312,0000	0,5
312,2000	0,5
312,4000	0,5
312,6000	0,5
312,8000	0,5
313,0000	0,5
313,2000	0,5
313,4000	0,5
313,6000	0,5
313,8000	0,5
314,0000	0,5
314,2000	0,5
314,4000	0,5
314,6000	0,5
314,8000	0,5
315,0000	0,5
315,2000	0,5
315,4000	0,5
315,6000	0,5
315,8000	0,5
316,0000	0,5
316,2000	0,5
316,4000	0,5
316,6000	0,5
316,8000	0,5
317,0000	0,5
317,2000	0,5
317,4000	0,5
317,6000	0,5
317,8000	0,5
318,0000	0,5
318,2000	0,5
318,4000	0,5
318,6000	0,5
318,8000	0,5
319,0000	0,5
319,2000	0,5
319,4000	0,5
319,6000	0,5
319,8000	0,5
320,0000	0,5
320,2000	0,5
320,4000	0,5
320,6000	0,5
320,8000	0,5
321,0000	0,5
321,2000	0,5
321,4000	0,5
321,6000	0,5
321,8000	0,5
322,0000	0,5
322,2000	0,5
322,4000	0,5
322,6000	0,5
322,8000	0,5
323,0000	0,5
323,2000	0,5
323,4000	0,5
323,6000	0,5
323,8000	0,5
324,0000	0,5
324,2000	0,5
324,4000	0,5
324,6000	0,5
324,8000	0,5
325,0000	0,5
325,2000	0,5
325,4000	0,5
325,6000	0,5
325,8000	0,5
326,0000	0,5
326,2000	0,5
326,4000	0,5
326,6000	0,5
326,8000	0,5
327,0000	0,5
327,2000	0,5
327,4000	0,5
327,6000	0,5
327,8000	0,5
328,0000	0,5
328,2000	0,5
328,4000	0,5
328,6000	0,5
328,8000	0,5
329,0000	0,5
329,2000	0,5
329,4000	0,5
329,6000	0,5
329,8000	0,5
330,0000	0,5
330,2000	0,5
330,4000	0,5
330,6000	0,5
330,8000	0,5
331,0000	0,5
331,2000	0,5
331,4000	0,5
331,6000	0,5
331,8000	0,5
332,0000	0,5
332,2000	0,5
332,4000	0,5
332,6000	0,5
332,8000	0,5
333,0000	0,5
333,2000	0,5
333,4000	0,5
333,6000	0,5
333,8000	0,5
334,0000	0,5
334,2000	0,5
334,4000	0,5
334,6000	0,5
334,8000	0,5
335,0000	0,5
335,2000	0,5
335,4000	0,5
335,6000	0,5
335,8000	0,5
336,0000	0,5
336,2000	0,5
336,4000	0,5
336,6000	0,5
336,8000	0,5
337,0000	0,5
337,2000	0,5
337,4000	0,5
337,6000	0,5
337,8000	0,5
338,0000	0,5
338,2000	0,5
338,4000	0,5
338,6000	0,5
338,8000	0,5
339,0000	0,5
339,2000	0,5
339,4000	0,5
339,6000	0,5
339,8000	0,5
340,0000	0,5
340,2000	0,5
340,4000	0,5
340,6000	0,5
340,8000	0,5
341,0000	0,5
341,2000	0,5
341,4000	0,5
341,6000	0,5
341,8000	0,5
342,0000	0,5
342,2000	0,5
342,4000	0,5
342,6000	0,5
342,8000	0,5
343,0000	0,5
343,2000	0,5
343,4000	0,5
343,6000	0,5
343,8000	0,5
344,0000	0,5
344,2000	0,5
344,4000	0,5
344,6000	0,5
344,8000	0,5
345,0000	0,5
345,2000	0,5
345,4000	0,5
345,6000	0,5
345,8000	0,5
346,0000	0,5
346,2000	0,5
346,4000	0,5
346,6000	0,5
346,8000	0,5
347,0000	0,5
347,2000	0,5
347,4000	0,5
347,6000	0,5
347,8000	0,5
348,0000	0,5
348,2000	0,5
348,4000	0,5
348,6000	0,5
348,8000	0,5
349,0000	0,5
349,2000	0,5
349,4000	0,5
349,6000	0,5
349,8000	0,5
350,0000	0,5
350,2000	0,5
350,4000	0,5
350,6000	0,5
350,8000	0,5
351,0000	0,5
351,2000	0,5
351,4000	0,5
351,6000	0,5
351,8000	0,5
352,0000	0,5
352,2000	0,5
352,4000	0,5
352,6000	0,5
352,8000	0,5
353,0000	0,5
353,2000	0,5
353,4000	0,5
353,6000	0,5
353,8000	0,5
354,0000	0,5
354,2000	0,5
354,4000	0,5
354,6000	0,5
354,8000	0,5
355,0000	0,5
355,2000	0,5
355,4000	0,5
355,6000	0,5
355,8000	0,5
356,0000	0,5
356,2000	0,5
356,4000	0,5
356,6000	0,5
356,8000	0,5
357,0000	0,5
357,2000	0,5
357,4000	0,5
357,6000	0,5
357,8000	0,5
358,0000	0,5
358,2000	0,5
358,4000	0,5
358,6000	0,5
358,8000	0,5
359,0000	0,5
359,2000	0,5
359,4000	0,5
359,6000	0,5
359,8000	0,5
360,0000	0,5
360,2000	0,5
360,4000	0,5
360,6000	0,5
360,8000	0,5
361,0000	0,5
361,2000	0,5
361,4000	0,5
361,6000	0,5
361,8000	0,5
362,0000	0,5
362,2000	0,5
362,4000	0,5
362,6000	0,5
362,8000	0,5
363,0000	0,5
363,2000	0,5
363,4000	0,5
363,6000	0,5
363,8000	0,5
364,0000	0,5
364,2000	0,5
364,4000	0,5
364,6000	0,5
364,8000	0,5
365,0000	0,5
365,2000	0,5
365,4000	0,5
365,6000	0,5
365,8000	0,5
366,0000	0,5
366,2000	0,5
366,4000	0,5
366,6000	0,5
366,8000	0,5
367,0000	0,5
367,2000	0,5
367,4000	0,5
367,6000	0,5
367,8000	0,5
368,0000	0,5
368,2000	0,5
368,4000	0,5
368,6000	0,5
368,8000	0,5
369,0000	0,5
369,2000	0,5
369,4000	0,5
369,6000	0,5
369,8000	0,5
370,0000	0,5
370,2000	0,5
370,4000	0,5
370,6000	0,5
370,8000	0,5
371,0000	0,5
371,2000	0,5
371,4000	0,5
371,6000	0,5
371,8000	0,5
372,0000	0,5
372,2000	0,5
372,4000	0,5
372,6000	0,5
372,8000	0,5
373,0000	0,5
373,2000	0,5
373,4000	0,5
373,6000	0,5
373,8000	0,5
374,0000	0,5
374,2000	0,5
374,4000	0,5
374,6000	0,5
374,8000	0,5
375,0000	0,5
375,2000	0,5
375,4000	0,5
375,6000	0,5
375,8000	0,5
376,0000	0,5
376,2000	0,5
376,4000	0,4
376,6000	0,5
376,8000	0,5
377,0000	0,5
377,2000	0,5
377,4000	0,5
377,6000	0,4
377,8000	0,5
378,0000	0,5
378,2000	0,5
378,4000	0,5
378,6000	0,4
378,8000	0,5
379,0000	0,5
379,2000	0,5
379,4000	0,4
379,6000	0,5
379,8000	0,5
380,0000	0,5
380,2000	0,5
380,4000	0,4
380,6000	0,4
380,8000	0,5
381,0000	0,5
381,2000	0,4
381,4000	0,4
381,6000	0,5
381,8000	0,4
382,0000	0,4
382,2000	0,4
382,4000	0,4
382,6000	0,4
382,8000	0,4
383,0000	0,4
383,2000	0,4
383,4000	0,4
383,6000	0,4
383,8000	0,4
384,0000	0,4
384,2000	0,4
384,4000	0,4
384,6000	0,4
384,8000	0,4
385,0000	0,4
385,2000	0,4
385,4000	0,4
385,6000	0,4
385,8000	0,4
386,0000	0,4
386,2000	0,4
386,4000	0,4
386,6000	0,4
386,8000	0,4
387,0000	0,4
387,2000	0,4
387,4000	0,4
387,6000	0,4
387,8000	0,4
388,0000	0,4
388,2000	0,4
388,4000	0,4
388,6000	0,4
388,8000	0,4
389,0000	0,4
389,2000	0,4
389,4000	0,4
389,6000	0,4
389,8000	0,4
390,0000	0,4
390,2000	0,4
390,4000	0,4
390,6000	0,4
390,8000	0,4
391,0000	0,4
391,2000	0,4
391,4000	0,4
391,6000	0,4
391,8000	0,4
392,0000	0,4
392,2000	0,4
392,4000	0,4
392,6000	0,4
392,8000	0,4
393,0000	0,4
393,2000	0,4
393,4000	0,4
393,6000	0,4
393,8000	0,4
394,0000	0,4
394,2000	0,4
394,4000	0,4
394,6000	0,4
394,8000	0,4
395,0000	0,4
395,2000	0,4
395,4000	0,4
395,6000	0,4
395,8000	0,4
396,0000	0,4
396,2000	0,4
396,4000	0,4
396,6000	0,4
396,8000	0,4
397,0000	0,4
397,2000	0,4
397,4000	0,4
397,6000	0,4
397,8000	0,4
398,0000	0,4
398,2000	0,4
398,4000	0,4
398,6000	0,4
398,8000	0,4
399,0000	0,4
399,2000	0,4
399,4000	0,4
399,6000	0,4
399,8000	0,4
400,0000	0,4
400,2000	0,4
400,4000	0,4
400,6000	0,4
400,8000	0,4
401,0000	0,4
401,2000	0,4
401,4000	0,4
401,6000	0,4
401,8000	0,4
402,0000	0,4
402,2000	0,4
402,4000	0,4
402,6000	0,4
402,8000	0,4
403,0000	0,4
403,2000	0,4
403,4000	0,4
403,6000	0,4
403,8000	0,4
404,0000	0,4
404,2000	0,4
404,4000	0,4
404,6000	0,4
404,8000	0,4
405,0000	0,4
405,2000	0,4
405,4000	0,4
405,6000	0,4
405,8000	0,4
406,0000	0,4
406,2000	0,4
406,4000	0,4
406,6000	0,4
406,8000	0,4
407,0000	0,4
407,2000	0,4
407,4000	0,4
407,6000	0,4
407,8000	0,4
408,0000	0,4
408,2000	0,4
408,4000	0,4
408,6000	0,4
408,8000	0,4
409,0000	0,4
409,2000	0,4
409,4000	0,4
409,6000	0,4
409,8000	0,4
410,0000	0,4
410,2000	0,4
410,4000	0,4
410,6000	0,4
410,8000	0,4
411,0000	0,4
411,2000	0,4
411,4000	0,4
411,6000	0,4
411,8000	0,4
412,0000	0,4
412,2000	0,4
412,4000	0,4
412,6000	0,4
412,8000	0,4
413,0000	0,4
413,2000	0,4
413,4000	0,4
413,6000	0,4
413,8000	0,4
414,0000	0,4
414,2000	0,4
414,4000	0,4
414,6000	0,4
414,8000	0,4
415,0000	0,4
415,2000	0,4
415,4000	0,4
415,6000	0,4
415,8000	0,4
416,0000	0,4
416,2000	0,4
416,4000	0,4
416,6000	0,4
416,8000	0,4
417,0000	0,4
417,2000	0,4
417,4000	0,4
417,6000	0,4
417,8000	0,4
418,0000	0,4
418,2000	0,4
418,4000	0,4
418,6000	0,4
418,8000	0,4
419,0000	0,4
419,2000	0,4
419,4000	0,4
419,6000	0,4
419,8000	0,4
420,0000	0,4
420,2000	0,4
420,4000	0,4
420,6000	0,4
420,8000	0,4
421,0000	0,4
421,2000	0,4
421,4000	0,4
421,6000	0,4
421,8000	0,4
422,0000	0,4
422,2000	0,4
422,4000	0,4
422,6000	0,4
422,8000	0,4
423,0000	0,4
423,2000	0,4
423,4000	0,4
423,6000	0,4
423,8000	0,4
424,0000	0,4
424,2000	0,4
424,4000	0,4
424,6000	0,4
424,8000	0,4
425,0000	0,4
425,2000	0,3
425,4000	0,3
425,6000	0,3
425,8000	0,3
426,0000	0,3
426,2000	0,3
426,4000	0,3
426,6000	0,3
426,8000	0,3
427,0000	0,3
427,2000	0,3
427,4000	0,3
427,6000	0,3
427,8000	0,3
428,0000	0,3
428,2000	0,3
428,4000	0,3
428,6000	0,3
428,8000	0,3
429,0000	0,3
429,2000	0,3
429,4000	0,3
429,6000	0,3
429,8000	0,3
430,0000	0,2
430,2000	0,2
430,4000	0,2
430,6000	0,2
430,8000	0,2
431,0000	0,2
431,2000	0,2
431,4000	0,2
431,6000	0,2
431,8000	0,2
432,0000	0,2
432,2000	0,2
432,4000	0,2
432,6000	0,2
432,8000	0,2
433,0000	0,2
433,2000	0,2
433,4000	0,2
433,6000	0,2
433,8000	0,2
434,0000	0,2
434,2000	0,2
434,4000	0,1
434,6000	0,1
434,8000	0,1
435,0000	0,1
435,2000	0,1
435,4000	0,1
435,6000	0,1
435,8000	0,1
436,0000	0,1
436,2000	0,1
436,4000	0,1
436,6000	0,1
436,8000	0,1
437,0000	0,1
437,2000	0,1
437,4000	0,1
437,6000	0,1
437,8000	0,1
438,0000	0,1
438,2000	0,0
438,4000	0,0
438,6000	0,0
438,8000	0,0
439,0000	0,0
439,2000	0,0
439,4000	0,0
439,6000	0,0
439,8000	-5,5E-4
440,0000	0,0
440,2000	0,0
440,4000	0,0
440,6000	0,0
440,8000	0,0
441,0000	0,0
441,2000	0,0
441,4000	0,0
441,6000	-0,1
441,8000	-0,1
442,0000	-0,1
442,2000	-0,1
442,4000	-0,1
442,6000	-0,1
442,8000	-0,1
443,0000	-0,1
443,2000	-0,1
443,4000	-0,1
443,6000	-0,1
443,8000	-0,1
444,0000	-0,1
444,2000	-0,1
444,4000	-0,1
444,6000	-0,1
444,8000	-0,2
445,0000	-0,2
445,2000	-0,2
445,4000	-0,2
445,6000	-0,2
445,8000	-0,2
446,0000	-0,2
446,2000	-0,2
446,4000	-0,2
446,6000	-0,2
446,8000	-0,2
447,0000	-0,2
447,2000	-0,2
447,4000	-0,2
447,6000	-0,2
447,8000	-0,3
448,0000	-0,3
448,2000	-0,3
448,4000	-0,3
448,6000	-0,3
448,8000	-0,3
449,0000	-0,3
449,2000	-0,3
449,4000	-0,3
449,6000	-0,3
449,8000	-0,3
450,0000	-0,3
450,2000	-0,3
450,4000	-0,3
450,6000	-0,3
450,8000	-0,4
451,0000	-0,4
451,2000	-0,4
451,4000	-0,4
451,6000	-0,4
451,8000	-0,4
452,0000	-0,4
452,2000	-0,4
452,4000	-0,4
452,6000	-0,4
452,8000	-0,4
453,0000	-0,4
453,2000	-0,4
453,4000	-0,4
453,6000	-0,5
453,8000	-0,5
454,0000	-0,5
454,2000	-0,5
454,4000	-0,5
454,6000	-0,5
454,8000	-0,5
455,0000	-0,5
455,2000	-0,5
455,4000	-0,5
455,6000	-0,5
455,8000	-0,5
456,0000	-0,5
456,2000	-0,6
456,4000	-0,6
456,6000	-0,6
456,8000	-0,6
457,0000	-0,6
457,2000	-0,6
457,4000	-0,6
457,6000	-0,6
457,8000	-0,6
458,0000	-0,6
458,2000	-0,6
458,4000	-0,6
458,6000	-0,6
458,8000	-0,7
459,0000	-0,7
459,2000	-0,7
459,4000	-0,7
459,6000	-0,7
459,8000	-0,7
460,0000	-0,7
460,2000	-0,7
460,4000	-0,7
460,6000	-0,7
460,8000	-0,7
461,0000	-0,7
461,2000	-0,7
461,4000	-0,8
461,6000	-0,8
461,8000	-0,8
462,0000	-0,8
462,2000	-0,8
462,4000	-0,8
462,6000	-0,8
462,8000	-0,8
463,0000	-0,8
463,2000	-0,8
463,4000	-0,8
463,6000	-0,8
463,8000	-0,9
464,0000	-0,9
464,2000	-0,9
464,4000	-0,9
464,6000	-0,9
464,8000	-0,9
465,0000	-0,9
465,2000	-0,9
465,4000	-0,9
465,6000	-0,9
465,8000	-0,9
466,0000	-1,0
466,2000	-1,0
466,4000	-1,0
466,6000	-1,0
466,8000	-1,0
467,0000	-1,0
467,2000	-1,0
467,4000	-1,0
467,6000	-1,0
467,8000	-1,0
468,0000	-1,0
468,2000	-1,0
468,4000	-1,1
468,6000	-1,1
468,8000	-1,1
469,0000	-1,1
469,2000	-1,1
469,4000	-1,1
469,6000	-1,1
469,8000	-1,1
470,0000	-1,1
470,2000	-1,1
470,4000	-1,1
470,6000	-1,2
470,8000	-1,2
471,0000	-1,2
471,2000	-1,2
471,4000	-1,2
471,6000	-1,2
471,8000	-1,2
472,0000	-1,2
472,2000	-1,2
472,4000	-1,2
472,6000	-1,3
472,8000	-1,3
473,0000	-1,3
473,2000	-1,3
473,4000	-1,3
473,6000	-1,3
473,8000	-1,3
474,0000	-1,3
474,2000	-1,3
474,4000	-1,3
474,6000	-1,4
474,8000	-1,4
475,0000	-1,4
475,2000	-1,4
475,4000	-1,4
475,6000	-1,4
475,8000	-1,4
476,0000	-1,4
476,2000	-1,4
476,4000	-1,4
476,6000	-1,4
476,8000	-1,5
477,0000	-1,5
477,2000	-1,5
477,4000	-1,5
477,6000	-1,5
477,8000	-1,5
478,0000	-1,5
478,2000	-1,5
478,4000	-1,5
478,6000	-1,5
478,8000	-1,6
479,0000	-1,6
479,2000	-1,6
479,4000	-1,6
479,6000	-1,6
479,8000	-1,6
480,0000	-1,6
480,2000	-1,6
480,4000	-1,6
480,6000	-1,6
480,8000	-1,7
481,0000	-1,7
481,2000	-1,7
481,4000	-1,7
481,6000	-1,7
481,8000	-1,7
482,0000	-1,7
482,2000	-1,7
482,4000	-1,7
482,6000	-1,8
482,8000	-1,8
483,0000	-1,8
483,2000	-1,8
483,4000	-1,8
483,6000	-1,8
483,8000	-1,8
484,0000	-1,8
484,2000	-1,8
484,4000	-1,9
484,6000	-1,9
484,8000	-1,9
485,0000	-1,9
485,2000	-1,9
485,4000	-1,9
485,6000	-1,9
485,8000	-1,9
486,0000	-1,9
486,2000	-2,0
486,4000	-2,0
486,6000	-2,0
486,8000	-2,0
487,0000	-2,0
487,2000	-2,0
487,4000	-2,0
487,6000	-2,0
487,8000	-2,0
488,0000	-2,1
488,2000	-2,1
488,4000	-2,1
488,6000	-2,1
488,8000	-2,1
489,0000	-2,1
489,2000	-2,1
489,4000	-2,1
489,6000	-2,2
489,8000	-2,2
490,0000	-2,2
490,2000	-2,2
490,4000	-2,2
490,6000	-2,2
490,8000	-2,2
491,0000	-2,2
491,2000	-2,2
491,4000	-2,3
491,6000	-2,3
491,8000	-2,3
492,0000	-2,3
492,2000	-2,3
492,4000	-2,3
492,6000	-2,3
492,8000	-2,4
493,0000	-2,4
493,2000	-2,4
493,4000	-2,4
493,6000	-2,4
493,8000	-2,4
494,0000	-2,4
494,2000	-2,4
494,4000	-2,4
494,6000	-2,5
494,8000	-2,5
495,0000	-2,5
495,2000	-2,5
495,4000	-2,5
495,6000	-2,5
495,8000	-2,5
496,0000	-2,6
496,2000	-2,6
496,4000	-2,6
496,6000	-2,6
496,8000	-2,6
497,0000	-2,6
497,2000	-2,6
497,4000	-2,6
497,6000	-2,7
497,8000	-2,7
498,0000	-2,7
498,2000	-2,7
498,4000	-2,7
498,6000	-2,7
498,8000	-2,7
499,0000	-2,8
499,2000	-2,8
499,4000	-2,8
499,6000	-2,8
499,8000	-2,8
500,0000	-2,8
500,2000	-2,8
500,4000	-2,8
500,6000	-2,9
500,8000	-2,9
501,0000	-2,9
501,2000	-2,9
501,4000	-2,9
501,6000	-2,9
501,8000	-2,9
502,0000	-3,0
502,2000	-3,0
502,4000	-3,0
502,6000	-3,0
502,8000	-3,0
503,0000	-3,0
503,2000	-3,0
503,4000	-3,1
503,6000	-3,1
503,8000	-3,1
504,0000	-3,1
504,2000	-3,1
504,4000	-3,1
504,6000	-3,1
504,8000	-3,2
505,0000	-3,2
505,2000	-3,2
505,4000	-3,2
505,6000	-3,2
505,8000	-3,2
506,0000	-3,2
506,2000	-3,3
506,4000	-3,3
506,6000	-3,3
506,8000	-3,3
507,0000	-3,3
507,2000	-3,3
507,4000	-3,4
507,6000	-3,4
507,8000	-3,4
508,0000	-3,4
508,2000	-3,4
508,4000	-3,4
508,6000	-3,4
508,8000	-3,5
509,0000	-3,5
509,2000	-3,5
509,4000	-3,5
509,6000	-3,5
509,8000	-3,5
510,0000	-3,6
510,2000	-3,6
510,4000	-3,6
510,6000	-3,6
510,8000	-3,6
511,0000	-3,6
511,2000	-3,7
511,4000	-3,7
511,6000	-3,7
511,8000	-3,7
512,0000	-3,7
512,2000	-3,7
512,4000	-3,8
512,6000	-3,8
512,8000	-3,8
513,0000	-3,8
513,2000	-3,8
513,4000	-3,8
513,6000	-3,9
513,8000	-3,9
514,0000	-3,9
514,2000	-3,9
514,4000	-3,9
514,6000	-3,9
514,8000	-4,0
515,0000	-4,0
515,2000	-4,0
515,4000	-4,0
515,6000	-4,0
515,8000	-4,1
516,0000	-4,1
516,2000	-4,1
516,4000	-4,1
516,6000	-4,1
516,8000	-4,2
517,0000	-4,2
517,2000	-4,2
517,4000	-4,2
517,6000	-4,2
517,8000	-4,3
518,0000	-4,3
518,2000	-4,3
518,4000	-4,3
518,6000	-4,4
518,8000	-4,4
519,0000	-4,4
519,2000	-4,4
519,4000	-4,4
519,6000	-4,5
519,8000	-4,5
520,0000	-4,5
520,2000	-4,5
520,4000	-4,6
520,6000	-4,6
520,8000	-4,6
521,0000	-4,6
521,2000	-4,6
521,4000	-4,7
521,6000	-4,7
521,8000	-4,7
522,0000	-4,7
522,2000	-4,8
522,4000	-4,8
522,6000	-4,8
522,8000	-4,8
523,0000	-4,9
523,2000	-4,9
523,4000	-4,9
523,6000	-4,9
523,8000	-4,9
524,0000	-5,0
524,2000	-5,0
524,4000	-5,0
524,6000	-5,0
524,8000	-5,1
525,0000	-5,1
525,2000	-5,1
525,4000	-5,1
525,6000	-5,2
525,8000	-5,2
526,0000	-5,2
526,2000	-5,2
526,4000	-5,3
526,6000	-5,3
526,8000	-5,3
527,0000	-5,3
527,2000	-5,4
527,4000	-5,4
527,6000	-5,4
527,8000	-5,4
528,0000	-5,4
528,2000	-5,5
528,4000	-5,5
528,6000	-5,5
528,8000	-5,5
529,0000	-5,6
529,2000	-5,6
529,4000	-5,6
529,6000	-5,6
529,8000	-5,7
530,0000	-5,7
530,2000	-5,7
530,4000	-5,7
530,6000	-5,8
530,8000	-5,8
531,0000	-5,8
531,2000	-5,8
531,4000	-5,9
531,6000	-5,9
531,8000	-5,9
532,0000	-5,9
532,2000	-6,0
532,4000	-6,0
532,6000	-6,0
532,8000	-6,0
533,0000	-6,1
533,2000	-6,1
533,4000	-6,1
533,6000	-6,1
533,8000	-6,2
534,0000	-6,2
534,2000	-6,2
534,4000	-6,2
534,6000	-6,3
534,8000	-6,3
535,0000	-6,3
535,2000	-6,3
535,4000	-6,4
535,6000	-6,4
535,8000	-6,4
536,0000	-6,4
536,2000	-6,5
536,4000	-6,5
536,6000	-6,5
536,8000	-6,5
537,0000	-6,6
537,2000	-6,6
537,4000	-6,6
537,6000	-6,6
537,8000	-6,7
538,0000	-6,7
538,2000	-6,7
538,4000	-6,7
538,6000	-6,8
538,8000	-6,8
539,0000	-6,8
539,2000	-6,8
539,4000	-6,9
539,6000	-6,9
539,8000	-6,9
540,0000	-7,0
540,2000	-7,0
540,4000	-7,0
540,6000	-7,0
540,8000	-7,1
541,0000	-7,1
541,2000	-7,1
541,4000	-7,1
541,6000	-7,2
541,8000	-7,2
542,0000	-7,2
542,2000	-7,2
542,4000	-7,3
542,6000	-7,3
542,8000	-7,3
543,0000	-7,4
543,2000	-7,4
543,4000	-7,4
543,6000	-7,4
543,8000	-7,5
544,0000	-7,5
544,2000	-7,5
544,4000	-7,5
544,6000	-7,6
544,8000	-7,6
545,0000	-7,6
545,2000	-7,7
545,4000	-7,7
545,6000	-7,7
545,8000	-7,7
546,0000	-7,8
546,2000	-7,8
546,4000	-7,8
546,6000	-7,9
546,8000	-7,9
547,0000	-7,9
547,2000	-7,9
547,4000	-8,0
547,6000	-8,0
547,8000	-8,0
548,0000	-8,0
548,2000	-8,1
548,4000	-8,1
548,6000	-8,1
548,8000	-8,2
549,0000	-8,2
549,2000	-8,2
549,4000	-8,2
549,6000	-8,3
549,8000	-8,3
550,0000	-8,3
550,2000	-8,4
550,4000	-8,4
550,6000	-8,4
550,8000	-8,4
551,0000	-8,5
551,2000	-8,5
551,4000	-8,5
551,6000	-8,5
551,8000	-8,6
552,0000	-8,6
552,2000	-8,6
552,4000	-8,7
552,6000	-8,7
552,8000	-8,7
553,0000	-8,7
553,2000	-8,8
553,4000	-8,8
553,6000	-8,8
553,8000	-8,9
554,0000	-8,9
554,2000	-8,9
554,4000	-8,9
554,6000	-9,0
554,8000	-9,0
555,0000	-9,0
555,2000	-9,0
555,4000	-9,1
555,6000	-9,1
555,8000	-9,1
556,0000	-9,2
556,2000	-9,2
556,4000	-9,2
556,6000	-9,2
556,8000	-9,3
557,0000	-9,3
557,2000	-9,3
557,4000	-9,4
557,6000	-9,4
557,8000	-9,4
558,0000	-9,4
558,2000	-9,5
558,4000	-9,5
558,6000	-9,5
558,8000	-9,6
559,0000	-9,6
559,2000	-9,6
559,4000	-9,6
559,6000	-9,7
559,8000	-9,7
560,0000	-9,7
560,2000	-9,8
560,4000	-9,8
560,6000	-9,8
560,8000	-9,8
561,0000	-9,9
561,2000	-9,9
561,4000	-9,9
561,6000	-10,0
561,8000	-10,0
562,0000	-10,0
562,2000	-10,0
562,4000	-10,1
562,6000	-10,1
562,8000	-10,1
563,0000	-10,2
563,2000	-10,2
563,4000	-10,2
563,6000	-10,2
563,8000	-10,3
564,0000	-10,3
564,2000	-10,3
564,4000	-10,4
564,6000	-10,4
564,8000	-10,4
565,0000	-10,4
565,2000	-10,5
565,4000	-10,5
565,6000	-10,5
565,8000	-10,6
566,0000	-10,6
566,2000	-10,6
566,4000	-10,6
566,6000	-10,7
566,8000	-10,7
567,0000	-10,7
567,2000	-10,8
567,4000	-10,8
567,6000	-10,8
567,8000	-10,8
568,0000	-10,9
568,2000	-10,9
568,4000	-10,9
568,6000	-11,0
568,8000	-11,0
569,0000	-11,0
569,2000	-11,0
569,4000	-11,1
569,6000	-11,1
569,8000	-11,1
570,0000	-11,2
570,2000	-11,2
570,4000	-11,2
570,6000	-11,3
570,8000	-11,3
571,0000	-11,3
571,2000	-11,3
571,4000	-11,4
571,6000	-11,4
571,8000	-11,4
572,0000	-11,5
572,2000	-11,5
572,4000	-11,5
572,6000	-11,5
572,8000	-11,6
573,0000	-11,6
573,2000	-11,6
573,4000	-11,6
573,6000	-11,7
573,8000	-11,7
574,0000	-11,7
574,2000	-11,8
574,4000	-11,8
574,6000	-11,8
574,8000	-11,8
575,0000	-11,9
575,2000	-11,9
575,4000	-11,9
575,6000	-11,9
575,8000	-12,0
576,0000	-12,0
576,2000	-12,0
576,4000	-12,1
576,6000	-12,1
576,8000	-12,1
577,0000	-12,2
577,2000	-12,2
577,4000	-12,2
577,6000	-12,2
577,8000	-12,3
578,0000	-12,3
578,2000	-12,3
578,4000	-12,4
578,6000	-12,4
578,8000	-12,4
579,0000	-12,4
579,2000	-12,5
579,4000	-12,5
579,6000	-12,5
579,8000	-12,5
580,0000	-12,6
580,2000	-12,6
580,4000	-12,6
580,6000	-12,7
580,8000	-12,7
581,0000	-12,7
581,2000	-12,7
581,4000	-12,8
581,6000	-12,8
581,8000	-12,8
582,0000	-12,9
582,2000	-12,9
582,4000	-12,9
582,6000	-12,9
582,8000	-13,0
583,0000	-13,0
583,2000	-13,0
583,4000	-13,1
583,6000	-13,1
583,8000	-13,1
584,0000	-13,1
584,2000	-13,2
584,4000	-13,2
584,6000	-13,2
584,8000	-13,3
585,0000	-13,3
585,2000	-13,3
585,4000	-13,3
585,6000	-13,4
585,8000	-13,4
586,0000	-13,4
586,2000	-13,5
586,4000	-13,5
586,6000	-13,5
586,8000	-13,5
587,0000	-13,6
587,2000	-13,6
587,4000	-13,6
587,6000	-13,6
587,8000	-13,7
588,0000	-13,7
588,2000	-13,7
588,4000	-13,8
588,6000	-13,8
588,8000	-13,8
589,0000	-13,8
589,2000	-13,9
589,4000	-13,9
589,6000	-13,9
589,8000	-13,9
590,0000	-14,0
590,2000	-14,0
590,4000	-14,0
590,6000	-14,0
590,8000	-14,1
591,0000	-14,1
591,2000	-14,1
591,4000	-14,2
591,6000	-14,2
591,8000	-14,2
592,0000	-14,2
592,2000	-14,3
592,4000	-14,3
592,6000	-14,3
592,8000	-14,3
593,0000	-14,4
593,2000	-14,4
593,4000	-14,4
593,6000	-14,4
593,8000	-14,5
594,0000	-14,5
594,2000	-14,5
594,4000	-14,6
594,6000	-14,6
594,8000	-14,6
595,0000	-14,6
595,2000	-14,6
595,4000	-14,7
595,6000	-14,7
595,8000	-14,7
596,0000	-14,8
596,2000	-14,8
596,4000	-14,8
596,6000	-14,8
596,8000	-14,9
597,0000	-14,9
597,2000	-14,9
597,4000	-14,9
597,6000	-14,9
597,8000	-15,0
598,0000	-15,0
598,2000	-15,0
598,4000	-15,1
598,6000	-15,1
598,8000	-15,1
599,0000	-15,1
599,2000	-15,1
599,4000	-15,2
599,6000	-15,2
599,8000	-15,2
600,0000	-15,2
600,2000	-15,3
600,4000	-15,3
600,6000	-15,3
600,8000	-15,3
601,0000	-15,4
601,2000	-15,4
601,4000	-15,4
601,6000	-15,4
601,8000	-15,5
602,0000	-15,5
602,2000	-15,5
602,4000	-15,5
602,6000	-15,6
602,8000	-15,6
603,0000	-15,6
603,2000	-15,6
603,4000	-15,6
603,6000	-15,7
603,8000	-15,7
604,0000	-15,7
604,2000	-15,7
604,4000	-15,8
604,6000	-15,8
604,8000	-15,8
605,0000	-15,8
605,2000	-15,8
605,4000	-15,9
605,6000	-15,9
605,8000	-15,9
606,0000	-15,9
606,2000	-16,0
606,4000	-16,0
606,6000	-16,0
606,8000	-16,0
607,0000	-16,1
607,2000	-16,1
607,4000	-16,1
607,6000	-16,1
607,8000	-16,1
608,0000	-16,2
608,2000	-16,2
608,4000	-16,2
608,6000	-16,2
608,8000	-16,3
609,0000	-16,3
609,2000	-16,3
609,4000	-16,3
609,6000	-16,3
609,8000	-16,4
610,0000	-16,4
610,2000	-16,4
610,4000	-16,4
610,6000	-16,4
610,8000	-16,5
611,0000	-16,5
611,2000	-16,5
611,4000	-16,5
611,6000	-16,5
611,8000	-16,6
612,0000	-16,6
612,2000	-16,6
612,4000	-16,6
612,6000	-16,7
612,8000	-16,7
613,0000	-16,7
613,2000	-16,7
613,4000	-16,7
613,6000	-16,8
613,8000	-16,8
614,0000	-16,8
614,2000	-16,8
614,4000	-16,8
614,6000	-16,9
614,8000	-16,9
615,0000	-16,9
615,2000	-16,9
615,4000	-16,9
615,6000	-17,0
615,8000	-17,0
616,0000	-17,0
616,2000	-17,0
616,4000	-17,0
616,6000	-17,1
616,8000	-17,1
617,0000	-17,1
617,2000	-17,1
617,4000	-17,1
617,6000	-17,2
617,8000	-17,2
618,0000	-17,2
618,2000	-17,2
618,4000	-17,2
618,6000	-17,3
618,8000	-17,3
619,0000	-17,3
619,2000	-17,3
619,4000	-17,3
619,6000	-17,3
619,8000	-17,4
620,0000	-17,4
620,2000	-17,4
620,4000	-17,4
620,6000	-17,4
620,8000	-17,5
621,0000	-17,5
621,2000	-17,5
621,4000	-17,5
621,6000	-17,5
621,8000	-17,6
622,0000	-17,6
622,2000	-17,6
622,4000	-17,6
622,6000	-17,6
622,8000	-17,6
623,0000	-17,7
623,2000	-17,7
623,4000	-17,7
623,6000	-17,7
623,8000	-17,7
624,0000	-17,8
624,2000	-17,8
624,4000	-17,8
624,6000	-17,8
624,8000	-17,8
625,0000	-17,8
625,2000	-17,9
625,4000	-17,9
625,6000	-17,9
625,8000	-17,9
626,0000	-17,9
626,2000	-17,9
626,4000	-18,0
626,6000	-18,0
626,8000	-18,0
627,0000	-18,0
627,2000	-18,0
627,4000	-18,1
627,6000	-18,1
627,8000	-18,1
628,0000	-18,1
628,2000	-18,1
628,4000	-18,1
628,6000	-18,2
628,8000	-18,2
629,0000	-18,2
629,2000	-18,2
629,4000	-18,2
629,6000	-18,2
629,8000	-18,3
630,0000	-18,3
630,2000	-18,3
630,4000	-18,3
630,6000	-18,3
630,8000	-18,3
631,0000	-18,4
631,2000	-18,4
631,4000	-18,4
631,6000	-18,4
631,8000	-18,4
632,0000	-18,4
632,2000	-18,5
632,4000	-18,5
632,6000	-18,5
632,8000	-18,5
633,0000	-18,5
633,2000	-18,5
633,4000	-18,6
633,6000	-18,6
633,8000	-18,6
634,0000	-18,6
634,2000	-18,6
634,4000	-18,6
634,6000	-18,7
634,8000	-18,7
635,0000	-18,7
635,2000	-18,7
635,4000	-18,7
635,6000	-18,7
635,8000	-18,7
636,0000	-18,8
636,2000	-18,8
636,4000	-18,8
636,6000	-18,8
636,8000	-18,8
637,0000	-18,8
637,2000	-18,9
637,4000	-18,9
637,6000	-18,9
637,8000	-18,9
638,0000	-18,9
638,2000	-18,9
638,4000	-18,9
638,6000	-19,0
638,8000	-19,0
639,0000	-19,0
639,2000	-19,0
639,4000	-19,0
639,6000	-19,0
639,8000	-19,0
640,0000	-19,1
640,2000	-19,1
640,4000	-19,1
640,6000	-19,1
640,8000	-19,1
641,0000	-19,1
641,2000	-19,1
641,4000	-19,2
641,6000	-19,2
641,8000	-19,2
642,0000	-19,2
642,2000	-19,2
642,4000	-19,2
642,6000	-19,3
642,8000	-19,3
643,0000	-19,3
643,2000	-19,3
643,4000	-19,3
643,6000	-19,3
643,8000	-19,3
644,0000	-19,4
644,2000	-19,4
644,4000	-19,4
644,6000	-19,4
644,8000	-19,4
645,0000	-19,4
645,2000	-19,4
645,4000	-19,4
645,6000	-19,5
645,8000	-19,5
646,0000	-19,5
646,2000	-19,5
646,4000	-19,5
646,6000	-19,5
646,8000	-19,5
647,0000	-19,6
647,2000	-19,6
647,4000	-19,6
647,6000	-19,6
647,8000	-19,6
648,0000	-19,6
648,2000	-19,6
648,4000	-19,6
648,6000	-19,7
648,8000	-19,7
649,0000	-19,7
649,2000	-19,7
649,4000	-19,7
649,6000	-19,7
649,8000	-19,7
650,0000	-19,8
650,2000	-19,8
650,4000	-19,8
650,6000	-19,8
650,8000	-19,8
651,0000	-19,8
651,2000	-19,8
651,4000	-19,8
651,6000	-19,8
651,8000	-19,9
652,0000	-19,9
652,2000	-19,9
652,4000	-19,9
652,6000	-19,9
652,8000	-19,9
653,0000	-19,9
653,2000	-20,0
653,4000	-20,0
653,6000	-20,0
653,8000	-20,0
654,0000	-20,0
654,2000	-20,0
654,4000	-20,0
654,6000	-20,0
654,8000	-20,1
655,0000	-20,1
655,2000	-20,1
655,4000	-20,1
655,6000	-20,1
655,8000	-20,1
656,0000	-20,1
656,2000	-20,1
656,4000	-20,2
656,6000	-20,2
656,8000	-20,2
657,0000	-20,2
657,2000	-20,2
657,4000	-20,2
657,6000	-20,2
657,8000	-20,2
658,0000	-20,3
658,2000	-20,3
658,4000	-20,3
658,6000	-20,3
658,8000	-20,3
659,0000	-20,3
659,2000	-20,3
659,4000	-20,3
659,6000	-20,3
659,8000	-20,3
660,0000	-20,4
660,2000	-20,4
660,4000	-20,4
660,6000	-20,4
660,8000	-20,4
661,0000	-20,4
661,2000	-20,4
661,4000	-20,4
661,6000	-20,4
661,8000	-20,5
662,0000	-20,5
662,2000	-20,5
662,4000	-20,5
662,6000	-20,5
662,8000	-20,5
663,0000	-20,5
663,2000	-20,5
663,4000	-20,5
663,6000	-20,6
663,8000	-20,6
664,0000	-20,6
664,2000	-20,6
664,4000	-20,6
664,6000	-20,6
664,8000	-20,6
665,0000	-20,6
665,2000	-20,6
665,4000	-20,6
665,6000	-20,7
665,8000	-20,7
666,0000	-20,7
666,2000	-20,7
666,4000	-20,7
666,6000	-20,7
666,8000	-20,7
667,0000	-20,7
667,2000	-20,7
667,4000	-20,8
667,6000	-20,8
667,8000	-20,8
668,0000	-20,8
668,2000	-20,8
668,4000	-20,8
668,6000	-20,8
668,8000	-20,8
669,0000	-20,8
669,2000	-20,8
669,4000	-20,9
669,6000	-20,9
669,8000	-20,9
670,0000	-20,9
670,2000	-20,9
670,4000	-20,9
670,6000	-20,9
670,8000	-20,9
671,0000	-20,9
671,2000	-20,9
671,4000	-21,0
671,6000	-21,0
671,8000	-21,0
672,0000	-21,0
672,2000	-21,0
672,4000	-21,0
672,6000	-21,0
672,8000	-21,0
673,0000	-21,0
673,2000	-21,0
673,4000	-21,1
673,6000	-21,1
673,8000	-21,1
674,0000	-21,1
674,2000	-21,1
674,4000	-21,1
674,6000	-21,1
674,8000	-21,1
675,0000	-21,1
675,2000	-21,1
675,4000	-21,2
675,6000	-21,2
675,8000	-21,2
676,0000	-21,2
676,2000	-21,2
676,4000	-21,2
676,6000	-21,2
676,8000	-21,2
677,0000	-21,2
677,2000	-21,2
677,4000	-21,2
677,6000	-21,3
677,8000	-21,3
678,0000	-21,3
678,2000	-21,3
678,4000	-21,3
678,6000	-21,3
678,8000	-21,3
679,0000	-21,3
679,2000	-21,3
679,4000	-21,3
679,6000	-21,3
679,8000	-21,4
680,0000	-21,4
680,2000	-21,4
680,4000	-21,4
680,6000	-21,4
680,8000	-21,4
681,0000	-21,4
681,2000	-21,4
681,4000	-21,4
681,6000	-21,4
681,8000	-21,4
682,0000	-21,5
682,2000	-21,5
682,4000	-21,5
682,6000	-21,5
682,8000	-21,5
683,0000	-21,5
683,2000	-21,5
683,4000	-21,5
683,6000	-21,5
683,8000	-21,5
684,0000	-21,5
684,2000	-21,6
684,4000	-21,6
684,6000	-21,6
684,8000	-21,6
685,0000	-21,6
685,2000	-21,6
685,4000	-21,6
685,6000	-21,6
685,8000	-21,6
686,0000	-21,6
686,2000	-21,6
686,4000	-21,7
686,6000	-21,7
686,8000	-21,7
687,0000	-21,7
687,2000	-21,7
687,4000	-21,7
687,6000	-21,7
687,8000	-21,7
688,0000	-21,7
688,2000	-21,7
688,4000	-21,7
688,6000	-21,7
688,8000	-21,7
689,0000	-21,8
689,2000	-21,8
689,4000	-21,8
689,6000	-21,8
689,8000	-21,8
690,0000	-21,8
690,2000	-21,8
690,4000	-21,8
690,6000	-21,8
690,8000	-21,8
691,0000	-21,8
691,2000	-21,8
691,4000	-21,9
691,6000	-21,9
691,8000	-21,9
692,0000	-21,9
692,2000	-21,9
692,4000	-21,9
692,6000	-21,9
692,8000	-21,9
693,0000	-21,9
693,2000	-21,9
693,4000	-21,9
693,6000	-21,9
693,8000	-21,9
694,0000	-22,0
694,2000	-22,0
694,4000	-22,0
694,6000	-22,0
694,8000	-22,0
695,0000	-22,0
695,2000	-22,0
695,4000	-22,0
695,6000	-22,0
695,8000	-22,0
696,0000	-22,0
696,2000	-22,0
696,4000	-22,0
696,6000	-22,1
696,8000	-22,1
697,0000	-22,1
697,2000	-22,1
697,4000	-22,1
697,6000	-22,1
697,8000	-22,1
698,0000	-22,1
698,2000	-22,1
698,4000	-22,1
698,6000	-22,1
698,8000	-22,1
699,0000	-22,1
699,2000	-22,1
699,4000	-22,2
699,6000	-22,2
699,8000	-22,2
700,0000	-22,2
700,2000	-22,2
700,4000	-22,2
700,6000	-22,2
700,8000	-22,2
701,0000	-22,2
701,2000	-22,2
701,4000	-22,2
701,6000	-22,2
701,8000	-22,2
702,0000	-22,3
702,2000	-22,3
702,4000	-22,3
702,6000	-22,3
702,8000	-22,3
703,0000	-22,3
703,2000	-22,3
703,4000	-22,3
703,6000	-22,3
703,8000	-22,3
704,0000	-22,3
704,2000	-22,3
704,4000	-22,3
704,6000	-22,3
704,8000	-22,3
705,0000	-22,3
705,2000	-22,4
705,4000	-22,4
705,6000	-22,4
705,8000	-22,4
706,0000	-22,4
706,2000	-22,4
706,4000	-22,4
706,6000	-22,4
706,8000	-22,4
707,0000	-22,4
707,2000	-22,4
707,4000	-22,4
707,6000	-22,4
707,8000	-22,4
708,0000	-22,5
708,2000	-22,5
708,4000	-22,5
708,6000	-22,5
708,8000	-22,5
709,0000	-22,5
709,2000	-22,5
709,4000	-22,5
709,6000	-22,5
709,8000	-22,5
710,0000	-22,5
710,2000	-22,5
710,4000	-22,5
710,6000	-22,5
710,8000	-22,5
711,0000	-22,5
711,2000	-22,5
711,4000	-22,6
711,6000	-22,6
711,8000	-22,6
712,0000	-22,6
712,2000	-22,6
712,4000	-22,6
712,6000	-22,6
712,8000	-22,6
713,0000	-22,6
713,2000	-22,6
713,4000	-22,6
713,6000	-22,6
713,8000	-22,6
714,0000	-22,6
714,2000	-22,6
714,4000	-22,6
714,6000	-22,6
714,8000	-22,7
715,0000	-22,7
715,2000	-22,7
715,4000	-22,7
715,6000	-22,7
715,8000	-22,7
716,0000	-22,7
716,2000	-22,7
716,4000	-22,7
716,6000	-22,7
716,8000	-22,7
717,0000	-22,7
717,2000	-22,7
717,4000	-22,7
717,6000	-22,7
717,8000	-22,7
718,0000	-22,7
718,2000	-22,7
718,4000	-22,7
718,6000	-22,8
718,8000	-22,8
719,0000	-22,8
719,2000	-22,8
719,4000	-22,8
719,6000	-22,8
719,8000	-22,8
720,0000	-22,8
720,2000	-22,8
720,4000	-22,8
720,6000	-22,8
720,8000	-22,8
721,0000	-22,8
721,2000	-22,8
721,4000	-22,8
721,6000	-22,8
721,8000	-22,8
722,0000	-22,8
722,2000	-22,8
722,4000	-22,8
722,6000	-22,8
722,8000	-22,8
723,0000	-22,9
723,2000	-22,9
723,4000	-22,9
723,6000	-22,9
723,8000	-22,9
724,0000	-22,9
724,2000	-22,9
724,4000	-22,9
724,6000	-22,9
724,8000	-22,9
725,0000	-22,9
725,2000	-22,9
725,4000	-22,9
725,6000	-22,9
725,8000	-22,9
726,0000	-22,9
726,2000	-22,9
726,4000	-22,9
726,6000	-22,9
726,8000	-22,9
727,0000	-23,0
727,2000	-23,0
727,4000	-23,0
727,6000	-23,0
727,8000	-23,0
728,0000	-23,0
728,2000	-23,0
728,4000	-23,0
728,6000	-23,0
728,8000	-23,0
729,0000	-23,0
729,2000	-23,0
729,4000	-23,0
729,6000	-23,0
729,8000	-23,0
730,0000	-23,0
730,2000	-23,0
730,4000	-23,0
730,6000	-23,0
730,8000	-23,0
731,0000	-23,1
731,2000	-23,0
731,4000	-23,1
731,6000	-23,1
731,8000	-23,1
732,0000	-23,1
732,2000	-23,1
732,4000	-23,1
732,6000	-23,1
732,8000	-23,1
733,0000	-23,1
733,2000	-23,1
733,4000	-23,1
733,6000	-23,1
733,8000	-23,1
734,0000	-23,1
734,2000	-23,1
734,4000	-23,1
734,6000	-23,1
734,8000	-23,1
735,0000	-23,1
735,2000	-23,1
735,4000	-23,1
735,6000	-23,1
735,8000	-23,1
736,0000	-23,1
736,2000	-23,2
736,4000	-23,2
736,6000	-23,2
736,8000	-23,2
737,0000	-23,2
737,2000	-23,2
737,4000	-23,2
737,6000	-23,2
737,8000	-23,2
738,0000	-23,2
738,2000	-23,2
738,4000	-23,2
738,6000	-23,2
738,8000	-23,2
739,0000	-23,2
739,2000	-23,2
739,4000	-23,2
739,6000	-23,2
739,8000	-23,2
740,0000	-23,2
740,2000	-23,2
740,4000	-23,2
740,6000	-23,2
740,8000	-23,2
741,0000	-23,2
741,2000	-23,2
741,4000	-23,2
741,6000	-23,2
741,8000	-23,3
742,0000	-23,3
742,2000	-23,3
742,4000	-23,3
742,6000	-23,3
742,8000	-23,3
743,0000	-23,3
743,2000	-23,3
743,4000	-23,3
743,6000	-23,3
743,8000	-23,3
744,0000	-23,3
744,2000	-23,3
744,4000	-23,3
744,6000	-23,3
744,8000	-23,3
745,0000	-23,3
745,2000	-23,3
745,4000	-23,3
745,6000	-23,3
745,8000	-23,3
746,0000	-23,3
746,2000	-23,3
746,4000	-23,3
746,6000	-23,3
746,8000	-23,3
747,0000	-23,3
747,2000	-23,3
747,4000	-23,4
747,6000	-23,4
747,8000	-23,4
748,0000	-23,4
748,2000	-23,4
748,4000	-23,4
748,6000	-23,4
748,8000	-23,4
749,0000	-23,4
749,2000	-23,4
749,4000	-23,4
749,6000	-23,4
749,8000	-23,4
750,0000	-23,4
750,2000	-23,4
750,4000	-23,4
750,6000	-23,4
750,8000	-23,4
751,0000	-23,4
751,2000	-23,4
751,4000	-23,4
751,6000	-23,4
751,8000	-23,4
752,0000	-23,4
752,2000	-23,4
752,4000	-23,4
752,6000	-23,4
752,8000	-23,4
753,0000	-23,4
753,2000	-23,5
753,4000	-23,5
753,6000	-23,5
753,8000	-23,5
754,0000	-23,5
754,2000	-23,5
754,4000	-23,5
754,6000	-23,5
754,8000	-23,5
755,0000	-23,5
755,2000	-23,5
755,4000	-23,5
755,6000	-23,5
755,8000	-23,5
756,0000	-23,5
756,2000	-23,5
756,4000	-23,5
756,6000	-23,5
756,8000	-23,5
757,0000	-23,5
757,2000	-23,5
757,4000	-23,5
757,6000	-23,5
757,8000	-23,5
758,0000	-23,5
758,2000	-23,5
758,4000	-23,5
758,6000	-23,5
758,8000	-23,5
759,0000	-23,5
759,2000	-23,5
759,4000	-23,5
759,6000	-23,5
759,8000	-23,5
760,0000	-23,6
760,2000	-23,6
760,4000	-23,6
760,6000	-23,6
760,8000	-23,6
761,0000	-23,6
761,2000	-23,6
761,4000	-23,6
761,6000	-23,6
761,8000	-23,6
762,0000	-23,6
762,2000	-23,6
762,4000	-23,6
762,6000	-23,6
762,8000	-23,6
763,0000	-23,6
763,2000	-23,6
763,4000	-23,6
763,6000	-23,6
763,8000	-23,6
764,0000	-23,6
764,2000	-23,6
764,4000	-23,6
764,6000	-23,6
764,8000	-23,6
765,0000	-23,6
765,2000	-23,6
765,4000	-23,6
765,6000	-23,6
765,8000	-23,6
766,0000	-23,6
766,2000	-23,6
766,4000	-23,6
766,6000	-23,6
766,8000	-23,7
767,0000	-23,7
767,2000	-23,7
767,4000	-23,7
767,6000	-23,7
767,8000	-23,7
768,0000	-23,7
768,2000	-23,7
768,4000	-23,7
768,6000	-23,7
768,8000	-23,7
769,0000	-23,7
769,2000	-23,7
769,4000	-23,7
769,6000	-23,7
769,8000	-23,7
770,0000	-23,7
770,2000	-23,7
770,4000	-23,7
770,6000	-23,7
770,8000	-23,7
771,0000	-23,7
771,2000	-23,7
771,4000	-23,7
771,6000	-23,7
771,8000	-23,7
772,0000	-23,7
772,2000	-23,7
772,4000	-23,7
772,6000	-23,7
772,8000	-23,7
773,0000	-23,7
773,2000	-23,7
773,4000	-23,7
773,6000	-23,7
773,8000	-23,7
774,0000	-23,7
774,2000	-23,7
774,4000	-23,7
774,6000	-23,8
774,8000	-23,8
775,0000	-23,8
775,2000	-23,8
775,4000	-23,8
775,6000	-23,8
775,8000	-23,8
776,0000	-23,8
776,2000	-23,8
776,4000	-23,8
776,6000	-23,8
776,8000	-23,8
777,0000	-23,8
777,2000	-23,8
777,4000	-23,8
777,6000	-23,8
777,8000	-23,8
778,0000	-23,8
778,2000	-23,8
778,4000	-23,8
778,6000	-23,8
778,8000	-23,8
779,0000	-23,8
779,2000	-23,8
779,4000	-23,8
779,6000	-23,8
779,8000	-23,8
780,0000	-23,8
780,2000	-23,8
780,4000	-23,8
780,6000	-23,8
780,8000	-23,8
781,0000	-23,8
781,2000	-23,8
781,4000	-23,8
781,6000	-23,8
781,8000	-23,8
782,0000	-23,8
782,2000	-23,8
782,4000	-23,8
782,6000	-23,8
782,8000	-23,8
783,0000	-23,8
783,2000	-23,8
783,4000	-23,8
783,6000	-23,9
783,8000	-23,8
784,0000	-23,9
784,2000	-23,9
784,4000	-23,9
784,6000	-23,9
784,8000	-23,9
785,0000	-23,9
785,2000	-23,9
785,4000	-23,9
785,6000	-23,9
785,8000	-23,9
786,0000	-23,9
786,2000	-23,9
786,4000	-23,9
786,6000	-23,9
786,8000	-23,9
787,0000	-23,9
787,2000	-23,9
787,4000	-23,9
787,6000	-23,9
787,8000	-23,9
788,0000	-23,9
788,2000	-23,9
788,4000	-23,9
788,6000	-23,9
788,8000	-23,9
789,0000	-23,9
789,2000	-23,9
789,4000	-23,9
789,6000	-23,9
789,8000	-23,9
790,0000	-23,9
790,2000	-23,9
790,4000	-23,9
790,6000	-23,9
790,8000	-23,9
791,0000	-23,9
791,2000	-23,9
791,4000	-23,9
791,6000	-23,9
791,8000	-24,0
792,0000	-24,0
792,2000	-24,0
792,4000	-24,0
792,6000	-24,0
792,8000	-24,0
793,0000	-24,0
793,2000	-24,0
793,4000	-24,0
793,6000	-24,0
793,8000	-24,0
794,0000	-24,0
794,2000	-24,0
794,4000	-24,0
794,6000	-24,0
794,8000	-24,0
795,0000	-24,0
795,2000	-24,0
795,4000	-24,0
795,6000	-24,0
795,8000	-24,0
796,0000	-24,0
796,2000	-24,0
796,4000	-24,0
796,6000	-24,0
796,8000	-24,0
797,0000	-24,0
797,2000	-24,0
797,4000	-24,0
797,6000	-24,0
797,8000	-24,0
798,0000	-24,0
798,2000	-24,0
798,4000	-24,0
798,6000	-24,0
798,8000	-24,0
799,0000	-24,0
799,2000	-24,0
799,4000	-24,0
799,6000	-24,0
799,8000	-24,0
800,0000	-24,0
800,2000	-24,0
800,4000	-24,0
800,6000	-24,1
800,8000	-24,0
801,0000	-24,0
801,2000	-24,1
801,4000	-24,1
801,6000	-24,1
801,8000	-24,1
802,0000	-24,1
802,2000	-24,1
802,4000	-24,1
802,6000	-24,1
802,8000	-24,1
803,0000	-24,1
803,2000	-24,1
803,4000	-24,1
803,6000	-24,1
803,8000	-24,1
804,0000	-24,1
804,2000	-24,1
804,4000	-24,1
804,6000	-24,1
804,8000	-24,1
805,0000	-24,1
805,2000	-24,1
805,4000	-24,1
805,6000	-24,1
805,8000	-24,1
806,0000	-24,1
806,2000	-24,1
806,4000	-24,1
806,6000	-24,1
806,8000	-24,1
807,0000	-24,1
807,2000	-24,1
807,4000	-24,1
807,6000	-24,1
807,8000	-24,1
808,0000	-24,1
808,2000	-24,1
808,4000	-24,1
808,6000	-24,1
808,8000	-24,1
809,0000	-24,1
809,2000	-24,1
809,4000	-24,1
809,6000	-24,1
809,8000	-24,1
810,0000	-24,1
810,2000	-24,1
810,4000	-24,1
810,6000	-24,1
810,8000	-24,1
811,0000	-24,2
811,2000	-24,2
811,4000	-24,2
811,6000	-24,2
811,8000	-24,2
812,0000	-24,2
812,2000	-24,2
812,4000	-24,2
812,6000	-24,2
812,8000	-24,2
813,0000	-24,2
813,2000	-24,2
813,4000	-24,2
813,6000	-24,2
813,8000	-24,2
814,0000	-24,2
814,2000	-24,2
814,4000	-24,2
814,6000	-24,2
814,8000	-24,2
815,0000	-24,2
815,2000	-24,2
815,4000	-24,2
815,6000	-24,2
815,8000	-24,2
816,0000	-24,2
816,2000	-24,2
816,4000	-24,2
816,6000	-24,2
816,8000	-24,2
817,0000	-24,2
817,2000	-24,2
817,4000	-24,2
817,6000	-24,2
817,8000	-24,2
818,0000	-24,2
818,2000	-24,2
818,4000	-24,2
818,6000	-24,2
818,8000	-24,2
819,0000	-24,2
819,2000	-24,2
819,4000	-24,2
819,6000	-24,2
819,8000	-24,2
820,0000	-24,2
820,2000	-24,2
820,4000	-24,2
820,6000	-24,2
820,8000	-24,2
821,0000	-24,2
821,2000	-24,2
821,4000	-24,2
821,6000	-24,2
821,8000	-24,2
822,0000	-24,2
822,2000	-24,2
822,4000	-24,2
822,6000	-24,2
822,8000	-24,2
823,0000	-24,2
823,2000	-24,2
823,4000	-24,2
823,6000	-24,2
823,8000	-24,2
824,0000	-24,2
824,2000	-24,2
824,4000	-24,2
824,6000	-24,2
824,8000	-24,2
825,0000	-24,2
825,2000	-24,2
825,4000	-24,2
825,6000	-24,2
825,8000	-24,2
826,0000	-24,2
826,2000	-24,2
826,4000	-24,2
826,6000	-24,2
826,8000	-24,2
827,0000	-24,2
827,2000	-24,2
827,4000	-24,2
827,6000	-24,2
827,8000	-24,2
828,0000	-24,2
828,2000	-24,2
828,4000	-24,2
828,6000	-24,2
828,8000	-24,2
829,0000	-24,2
829,2000	-24,2
829,4000	-24,2
829,6000	-24,2
829,8000	-24,2
830,0000	-24,2
830,2000	-24,2
830,4000	-24,2
830,6000	-24,2
830,8000	-24,2
831,0000	-24,2
831,2000	-24,2
831,4000	-24,2
831,6000	-24,2
831,8000	-24,3
832,0000	-24,2
832,2000	-24,2
832,4000	-24,3
832,6000	-24,3
832,8000	-24,3
833,0000	-24,3
833,2000	-24,3
833,4000	-24,3
833,6000	-24,3
833,8000	-24,3
834,0000	-24,3
834,2000	-24,3
834,4000	-24,3
834,6000	-24,3
834,8000	-24,3
835,0000	-24,3
835,2000	-24,3
835,4000	-24,3
835,6000	-24,3
835,8000	-24,3
836,0000	-24,3
836,2000	-24,3
836,4000	-24,3
836,6000	-24,3
836,8000	-24,3
837,0000	-24,3
837,2000	-24,3
837,4000	-24,3
837,6000	-24,3
837,8000	-24,3
838,0000	-24,3
838,2000	-24,3
838,4000	-24,3
838,6000	-24,3
838,8000	-24,3
839,0000	-24,3
839,2000	-24,3
839,4000	-24,3
839,6000	-24,3
839,8000	-24,3
840,0000	-24,3
840,2000	-24,3
840,4000	-24,3
840,6000	-24,3
840,8000	-24,3
841,0000	-24,3
841,2000	-24,3
841,4000	-24,3
841,6000	-24,3
841,8000	-24,3
842,0000	-24,3
842,2000	-24,3
842,4000	-24,3
842,6000	-24,3
842,8000	-24,3
843,0000	-24,3
843,2000	-24,3
843,4000	-24,3
843,6000	-24,3
843,8000	-24,3
844,0000	-24,3
844,2000	-24,3
844,4000	-24,3
844,6000	-24,3
844,8000	-24,3
845,0000	-24,3
845,2000	-24,3
845,4000	-24,3
845,6000	-24,3
845,8000	-24,3
846,0000	-24,3
846,2000	-24,3
846,4000	-24,3
846,6000	-24,3
846,8000	-24,3
847,0000	-24,3
847,2000	-24,3
847,4000	-24,3
847,6000	-24,3
847,8000	-24,3
848,0000	-24,3
848,2000	-24,3
848,4000	-24,3
848,6000	-24,3
848,8000	-24,3
849,0000	-24,3
849,2000	-24,3
849,4000	-24,3
849,6000	-24,3
849,8000	-24,3
850,0000	-24,3
850,2000	-24,3
850,4000	-24,3
850,6000	-24,3
850,8000	-24,3
851,0000	-24,3
851,2000	-24,3
851,4000	-24,3
851,6000	-24,3
851,8000	-24,3
852,0000	-24,3
852,2000	-24,3
852,4000	-24,3
852,6000	-24,3
852,8000	-24,3
853,0000	-24,3
853,2000	-24,3
853,4000	-24,3
853,6000	-24,3
853,8000	-24,3
854,0000	-24,3
854,2000	-24,3
854,4000	-24,3
854,6000	-24,3
854,8000	-24,3
855,0000	-24,3
855,2000	-24,3
855,4000	-24,3
855,6000	-24,3
855,8000	-24,3
856,0000	-24,3
856,2000	-24,3
856,4000	-24,3
856,6000	-24,3
856,8000	-24,3
857,0000	-24,3
857,2000	-24,3
857,4000	-24,3
857,6000	-24,3
857,8000	-24,3
858,0000	-24,3
858,2000	-24,3
858,4000	-24,3
858,6000	-24,3
858,8000	-24,3
859,0000	-24,3
859,2000	-24,3
859,4000	-24,3
859,6000	-24,3
859,8000	-24,3
860,0000	-24,3
860,2000	-24,3
860,4000	-24,3
860,6000	-24,3
860,8000	-24,3
861,0000	-24,3
861,2000	-24,3
861,4000	-24,3
861,6000	-24,3
861,8000	-24,3
862,0000	-24,3
862,2000	-24,3
862,4000	-24,3
862,6000	-24,3
862,8000	-24,3
863,0000	-24,3
863,2000	-24,3
863,4000	-24,3
863,6000	-24,3
863,8000	-24,3
864,0000	-24,3
864,2000	-24,3
864,4000	-24,3
864,6000	-24,3
864,8000	-24,3
865,0000	-24,3
865,2000	-24,3
865,4000	-24,3
865,6000	-24,3
865,8000	-24,3
866,0000	-24,3
866,2000	-24,3
866,4000	-24,3
866,6000	-24,3
866,8000	-24,3
867,0000	-24,3
867,2000	-24,3
867,4000	-24,3
867,6000	-24,3
867,8000	-24,3
868,0000	-24,3
868,2000	-24,3
868,4000	-24,3
868,6000	-24,3
868,8000	-24,3
869,0000	-24,3
869,2000	-24,3
869,4000	-24,3
869,6000	-24,3
869,8000	-24,3
870,0000	-24,3
870,2000	-24,3
870,4000	-24,3
870,6000	-24,3
870,8000	-24,3
871,0000	-24,3
871,2000	-24,3
871,4000	-24,3
871,6000	-24,3
871,8000	-24,3
872,0000	-24,3
872,2000	-24,3
872,4000	-24,3
872,6000	-24,3
872,8000	-24,3
873,0000	-24,3
873,2000	-24,3
873,4000	-24,3
873,6000	-24,3
873,8000	-24,3
874,0000	-24,3
874,2000	-24,3
874,4000	-24,3
874,6000	-24,3
874,8000	-24,3
875,0000	-24,3
875,2000	-24,3
875,4000	-24,3
875,6000	-24,3
875,8000	-24,3
876,0000	-24,3
876,2000	-24,3
876,4000	-24,3
876,6000	-24,3
876,8000	-24,3
877,0000	-24,3
877,2000	-24,3
877,4000	-24,3
877,6000	-24,3
877,8000	-24,3
878,0000	-24,3
878,2000	-24,3
878,4000	-24,3
878,6000	-24,3
878,8000	-24,3
879,0000	-24,3
879,2000	-24,3
879,4000	-24,3
879,6000	-24,3
879,8000	-24,3
880,0000	-24,3
880,2000	-24,3
880,4000	-24,3
880,6000	-24,3
880,8000	-24,3
881,0000	-24,3
881,2000	-24,3
881,4000	-24,3
881,6000	-24,3
881,8000	-24,3
882,0000	-24,3
882,2000	-24,3
882,4000	-24,3
882,6000	-24,3
882,8000	-24,3
883,0000	-24,3
883,2000	-24,3
883,4000	-24,3
883,6000	-24,3
883,8000	-24,3
884,0000	-24,3
884,2000	-24,3
884,4000	-24,3
884,6000	-24,3
884,8000	-24,3
885,0000	-24,3
885,2000	-24,3
885,4000	-24,3
885,6000	-24,3
885,8000	-24,3
886,0000	-24,3
886,2000	-24,3
886,4000	-24,3
886,6000	-24,3
886,8000	-24,3
887,0000	-24,3
887,2000	-24,3
887,4000	-24,3
887,6000	-24,3
887,8000	-24,3
888,0000	-24,3
888,2000	-24,3
888,4000	-24,3
888,6000	-24,3
888,8000	-24,3
889,0000	-24,3
889,2000	-24,3
889,4000	-24,3
889,6000	-24,3
889,8000	-24,3
890,0000	-24,3
890,2000	-24,3
890,4000	-24,3
890,6000	-24,3
890,8000	-24,3
891,0000	-24,3
891,2000	-24,3
891,4000	-24,3
891,6000	-24,3
891,8000	-24,3
892,0000	-24,3
892,2000	-24,3
892,4000	-24,3
892,6000	-24,3
892,8000	-24,3
893,0000	-24,3
893,2000	-24,3
893,4000	-24,3
893,6000	-24,3
893,8000	-24,3
894,0000	-24,3
894,2000	-24,3
894,4000	-24,3
894,6000	-24,3
894,8000	-24,3
895,0000	-24,3
895,2000	-24,3
895,4000	-24,3
895,6000	-24,3
895,8000	-24,3
896,0000	-24,3
896,2000	-24,3
896,4000	-24,3
896,6000	-24,3
896,8000	-24,3
897,0000	-24,3
897,2000	-24,3
897,4000	-24,3
897,6000	-24,3
897,8000	-24,3
898,0000	-24,3
898,2000	-24,3
898,4000	-24,3
898,6000	-24,3
898,8000	-24,3
899,0000	-24,3
899,2000	-24,3
899,4000	-24,3
899,6000	-24,3
899,8000	-24,3
900,0000	-24,3
900,2000	-24,3
900,4000	-24,3
900,6000	-24,3
900,8000	-24,3
901,0000	-24,3
901,2000	-24,3
901,4000	-24,3
901,6000	-24,3
901,8000	-24,3
902,0000	-24,3
902,2000	-24,3
902,4000	-24,3
902,6000	-24,3
902,8000	-24,3
903,0000	-24,3
903,2000	-24,3
903,4000	-24,3
903,6000	-24,3
903,8000	-24,3
904,0000	-24,3
904,2000	-24,3
904,4000	-24,3
904,6000	-24,3
904,8000	-24,3
905,0000	-24,3
905,2000	-24,3
905,4000	-24,3
905,6000	-24,3
905,8000	-24,3
906,0000	-24,3
906,2000	-24,3
906,4000	-24,3
906,6000	-24,3
906,8000	-24,3
907,0000	-24,3
907,2000	-24,3
907,4000	-24,3
907,6000	-24,3
907,8000	-24,3
908,0000	-24,3
908,2000	-24,2
908,4000	-24,3
908,6000	-24,3
908,8000	-24,3
909,0000	-24,3
909,2000	-24,3
909,4000	-24,2
909,6000	-24,2
909,8000	-24,3
910,0000	-24,2
910,2000	-24,3
910,4000	-24,2
910,6000	-24,3
910,8000	-24,3
911,0000	-24,2
911,2000	-24,3
911,4000	-24,2
911,6000	-24,3
911,8000	-24,2
912,0000	-24,2
912,2000	-24,2
912,4000	-24,2
912,6000	-24,2
912,8000	-24,3
913,0000	-24,3
913,2000	-24,2
913,4000	-24,2
913,6000	-24,2
913,8000	-24,2
914,0000	-24,2
914,2000	-24,3
914,4000	-24,3
914,6000	-24,2
914,8000	-24,3
915,0000	-24,2
915,2000	-24,2
