Winkelposition, Messreihe #2
Zeit ( s )	Winkelposition ( rad )
0,0000	-1,860
0,0500	-0,209
0,1000	-0,749
0,1500	-1,649
0,2000	0,159
0,2500	-1,494
0,3000	-0,974
0,3500	-0,050
0,4000	-1,858
0,4500	-0,223
0,5000	-0,732
0,5500	-1,660
0,6000	0,159
0,6500	-1,480
0,7000	-0,993
0,7500	-0,042
0,8000	-1,857
0,8500	-0,236
0,9000	-0,715
0,9500	-1,668
1,0000	0,157
1,0500	-1,472
1,1000	-1,001
1,1500	-0,035
1,2000	-1,857
1,2500	-0,237
1,3000	-0,715
1,3500	-1,670
1,4000	0,156
1,4500	-1,469
1,5000	-1,004
1,5500	-0,036
1,6000	-1,855
1,6500	-0,242
1,7000	-0,710
1,7500	-1,671
1,8000	0,156
1,8500	-1,469
1,9000	-1,005
1,9500	-0,033
2,0000	-1,855
2,0500	-0,242
2,1000	-0,710
2,1500	-1,671
2,2000	0,154
2,2500	-1,467
2,3000	-1,008
2,3500	-0,031
2,4000	-1,855
2,4500	-0,245
2,5000	-0,708
2,5500	-1,673
2,6000	0,156
2,6500	-1,466
2,7000	-1,010
2,7500	-0,031
2,8000	-1,854
2,8500	-0,248
2,9000	-0,702
2,9500	-1,676
3,0000	0,154
3,0500	-1,459
3,1000	-1,015
3,1500	-0,025
3,2000	-1,855
3,2500	-0,253
3,3000	-0,699
3,3500	-1,679
3,4000	0,152
3,4500	-1,455
3,5000	-1,021
3,5500	-0,024
3,6000	-1,854
3,6500	-0,258
3,7000	-0,690
3,7500	-1,684
3,8000	0,154
3,8500	-1,451
3,9000	-1,027
3,9500	-0,019
4,0000	-1,852
4,0500	-0,261
4,1000	-0,686
4,1500	-1,685
4,2000	0,151
4,2500	-1,445
4,3000	-1,032
4,3500	-0,014
4,4000	-1,852
4,4500	-0,270
4,5000	-0,679
4,5500	-1,692
4,6000	0,149
4,6500	-1,440
4,7000	-1,040
4,7500	-0,013
4,8000	-1,849
4,8500	-0,272
4,9000	-0,672
4,9500	-1,690
5,0000	0,151
5,0500	-1,442
5,1000	-1,037
5,1500	-0,014
5,2000	-1,852
5,2500	-0,265
5,3000	-0,682
5,3500	-1,687
5,4000	0,149
5,4500	-1,445
5,5000	-1,029
5,5500	-0,020
5,6000	-1,854
5,6500	-0,261
5,7000	-0,688
5,7500	-1,684
5,8000	0,154
5,8500	-1,455
5,9000	-1,019
5,9500	-0,025
6,0000	-1,854
6,0500	-0,250
6,1000	-0,702
6,1500	-1,674
6,2000	0,154
6,2500	-1,466
6,3000	-1,005
6,3500	-0,035
6,4000	-1,855
6,4500	-0,237
6,5000	-0,721
6,5500	-1,665
6,6000	0,159
6,6500	-1,480
6,7000	-0,990
6,7500	-0,044
6,8000	-1,858
6,8500	-0,226
6,9000	-0,729
6,9500	-1,657
7,0000	0,159
7,0500	-1,488
7,1000	-0,975
7,1500	-0,052
7,2000	-1,860
7,2500	-0,212
7,3000	-0,749
7,3500	-1,646
7,4000	0,160
7,4500	-1,503
7,5000	-0,955
7,5500	-0,068
7,6000	-1,861
7,6500	-0,196
7,7000	-0,770
7,7500	-1,634
7,8000	0,163
7,8500	-1,521
7,9000	-0,933
7,9500	-0,080
8,0000	-1,863
8,0500	-0,178
8,1000	-0,798
8,1500	-1,616
8,2000	0,165
8,2500	-1,541
8,3000	-0,905
8,3500	-0,099
8,4000	-1,866
8,4500	-0,157
8,5000	-0,829
8,5500	-1,594
8,6000	0,167
8,6500	-1,566
8,7000	-0,870
8,7500	-0,127
8,8000	-1,865
8,8500	-0,127
8,9000	-0,870
8,9500	-1,566
9,0000	0,165
9,0500	-1,594
9,1000	-0,826
9,1500	-0,159
9,2000	-1,863
9,2500	-0,096
9,3000	-0,916
9,3500	-1,532
9,4000	0,163
9,4500	-1,626
9,5000	-0,776
9,5500	-0,195
9,6000	-1,861
9,6500	-0,063
9,7000	-0,971
9,7500	-1,494
9,8000	0,159
9,8500	-1,659
9,9000	-0,721
9,9500	-0,237
10,0000	-1,857
10,0500	-0,030
10,1000	-1,019
10,1500	-1,451
10,2000	0,151
10,2500	-1,690
10,3000	-0,668
10,3500	-0,283
10,4000	-1,847
10,4500	0,002
10,5000	-1,076
10,5500	-1,404
10,6000	0,141
10,6500	-1,718
10,7000	-0,613
10,7500	-0,327
10,8000	-1,838
10,8500	0,030
10,9000	-1,126
10,9500	-1,360
11,0000	0,129
11,0500	-1,744
11,1000	-0,564
11,1500	-0,375
11,2000	-1,822
11,2500	0,055
11,3000	-1,180
11,3500	-1,315
11,4000	0,112
11,4500	-1,770
11,5000	-0,511
11,5500	-0,424
11,6000	-1,805
11,6500	0,079
11,7000	-1,232
11,7500	-1,263
11,8000	0,094
11,8500	-1,789
11,9000	-0,459
11,9500	-0,476
12,0000	-1,784
12,0500	0,099
12,1000	-1,282
12,1500	-1,214
12,2000	0,072
12,2500	-1,810
12,3000	-0,408
12,3500	-0,526
12,4000	-1,764
12,4500	0,115
12,5000	-1,327
12,5500	-1,167
12,6000	0,050
12,6500	-1,824
12,7000	-0,366
12,7500	-0,570
12,8000	-1,744
12,8500	0,130
12,9000	-1,363
12,9500	-1,128
13,0000	0,033
13,0500	-1,833
13,1000	-0,333
13,1500	-0,603
13,2000	-1,726
13,2500	0,138
13,3000	-1,393
13,3500	-1,092
13,4000	0,014
13,4500	-1,843
13,5000	-0,302
13,5500	-0,642
13,6000	-1,706
13,6500	0,146
13,7000	-1,426
13,7500	-1,052
13,8000	-0,008
13,8500	-1,849
13,9000	-0,270
13,9500	-0,680
14,0000	-1,685
14,0500	0,154
14,1000	-1,458
14,1500	-1,015
14,2000	-0,031
14,2500	-1,857
14,3000	-0,234
14,3500	-0,719
14,4000	-1,660
14,4500	0,159
14,5000	-1,489
14,5500	-0,971
14,6000	-0,058
14,6500	-1,860
14,7000	-0,199
14,7500	-0,770
14,8000	-1,632
14,8500	0,162
14,9000	-1,527
14,9500	-0,922
15,0000	-0,091
15,0500	-1,865
15,1000	-0,163
15,1500	-0,818
15,2000	-1,599
15,2500	0,167
15,3000	-1,565
15,3500	-0,873
15,4000	-0,124
15,4500	-1,865
15,5000	-0,129
15,5500	-0,862
15,6000	-1,569
15,6500	0,165
15,7000	-1,591
15,7500	-0,833
15,8000	-0,152
15,8500	-1,866
15,9000	-0,101
15,9500	-0,903
16,0000	-1,543
16,0500	0,163
16,1000	-1,613
16,1500	-0,798
16,2000	-0,179
16,2500	-1,863
16,3000	-0,082
16,3500	-0,936
16,4000	-1,521
16,4500	0,162
16,5000	-1,634
16,5500	-0,768
16,6000	-0,201
16,6500	-1,861
16,7000	-0,061
16,7500	-0,963
16,8000	-1,499
16,8500	0,160
16,9000	-1,651
16,9500	-0,741
17,0000	-0,221
17,0500	-1,858
17,1000	-0,046
17,1500	-0,986
17,2000	-1,477
17,2500	0,157
17,3000	-1,665
17,3500	-0,716
17,4000	-0,240
17,4500	-1,857
17,5000	-0,033
17,5500	-1,010
17,6000	-1,461
17,6500	0,156
17,7000	-1,676
17,7500	-0,696
17,8000	-0,258
17,8500	-1,854
17,9000	-0,019
17,9500	-1,032
18,0000	-1,440
18,0500	0,151
18,1000	-1,693
18,1500	-0,668
18,2000	-0,280
18,2500	-1,849
18,3000	-0,002
18,3500	-1,062
18,4000	-1,414
18,4500	0,146
18,5000	-1,711
18,5500	-0,635
18,6000	-0,309
18,6500	-1,843
18,7000	0,016
18,7500	-1,096
18,8000	-1,389
18,8500	0,137
18,9000	-1,729
18,9500	-0,602
19,0000	-0,339
19,0500	-1,835
19,1000	0,033
19,1500	-1,131
19,2000	-1,356
19,2500	0,129
19,3000	-1,745
19,3500	-0,564
19,4000	-0,372
19,4500	-1,825
19,5000	0,053
19,5500	-1,172
19,6000	-1,319
19,6500	0,115
19,7000	-1,767
19,7500	-0,520
19,8000	-0,415
19,8500	-1,810
19,9000	0,074
19,9500	-1,216
20,0000	-1,280
20,0500	0,101
20,1000	-1,783
20,1500	-0,479
20,2000	-0,454
20,2500	-1,794
20,3000	0,090
20,3500	-1,253
20,4000	-1,238
20,4500	0,085
20,5000	-1,800
20,5500	-0,438
20,6000	-0,496
20,6500	-1,775
20,7000	0,107
20,7500	-1,299
20,8000	-1,194
20,8500	0,063
20,9000	-1,817
20,9500	-0,388
21,0000	-0,551
21,0500	-1,751
21,1000	0,124
21,1500	-1,352
21,2000	-1,137
21,2500	0,035
21,3000	-1,833
21,3500	-0,335
21,4000	-0,609
21,4500	-1,722
21,5000	0,138
21,5500	-1,401
21,6000	-1,076
21,6500	0,005
21,7000	-1,846
21,7500	-0,284
21,8000	-0,666
21,8500	-1,692
21,9000	0,152
21,9500	-1,451
22,0000	-1,018
22,0500	-0,028
22,1000	-1,855
22,1500	-0,234
22,2000	-0,723
22,2500	-1,657
22,3000	0,160
22,3500	-1,500
22,4000	-0,953
22,4500	-0,071
22,5000	-1,863
22,5500	-0,181
22,6000	-0,795
22,6500	-1,615
22,7000	0,167
22,7500	-1,550
22,8000	-0,886
22,8500	-0,116
22,9000	-1,865
22,9500	-0,134
23,0000	-0,864
23,0500	-1,568
23,1000	0,165
23,1500	-1,598
23,2000	-0,817
23,2500	-0,163
23,3000	-1,865
23,3500	-0,086
23,4000	-0,935
23,4500	-1,519
23,5000	0,162
23,5500	-1,641
23,6000	-0,748
23,6500	-0,218
23,7000	-1,858
23,7500	-0,042
23,8000	-1,007
23,8500	-1,459
23,9000	0,152
23,9500	-1,685
24,0000	-0,671
24,0500	-0,283
24,1000	-1,847
24,1500	0,006
24,2000	-1,085
24,2500	-1,393
24,3000	0,137
24,3500	-1,729
24,4000	-0,591
24,4500	-0,353
24,5000	-1,828
24,5500	0,047
24,6000	-1,166
24,6500	-1,321
24,7000	0,113
24,7500	-1,769
24,8000	-0,509
24,8500	-0,429
24,9000	-1,803
24,9500	0,082
25,0000	-1,244
25,0500	-1,247
25,1000	0,085
25,1500	-1,800
25,2000	-0,432
25,2500	-0,509
25,3000	-1,769
25,3500	0,112
25,4000	-1,321
25,4500	-1,170
25,5000	0,049
25,5500	-1,827
25,6000	-0,353
25,6500	-0,589
25,7000	-1,731
25,7500	0,137
25,8000	-1,395
25,8500	-1,087
25,9000	0,006
25,9500	-1,846
26,0000	-0,281
26,0500	-0,669
26,1000	-1,687
26,1500	0,154
26,2000	-1,464
26,2500	-1,002
26,3000	-0,044
26,3500	-1,860
26,4000	-0,212
26,4500	-0,756
26,5000	-1,634
26,5500	0,163
26,6000	-1,533
26,6500	-0,909
26,7000	-0,104
26,7500	-1,865
26,8000	-0,138
26,8500	-0,858
26,9000	-1,568
26,9500	0,165
27,0000	-1,601
27,0500	-0,812
27,1000	-0,173
27,1500	-1,863
27,2000	-0,075
27,2500	-0,955
27,3000	-1,499
27,3500	0,160
27,4000	-1,660
27,4500	-0,718
27,5000	-0,247
27,5500	-1,854
27,6000	-0,016
27,6500	-1,046
27,7000	-1,426
27,7500	0,145
27,8000	-1,711
27,8500	-0,627
27,9000	-0,324
27,9500	-1,836
28,0000	0,033
28,0500	-1,133
28,1000	-1,351
28,1500	0,123
28,2000	-1,755
28,2500	-0,542
28,3000	-0,399
28,3500	-1,814
28,4000	0,069
28,4500	-1,211
28,5000	-1,275
28,5500	0,101
28,6000	-1,786
28,6500	-0,465
28,7000	-0,473
28,7500	-1,784
28,8000	0,099
28,8500	-1,282
28,9000	-1,206
28,9500	0,069
29,0000	-1,813
29,0500	-0,396
29,1000	-0,542
29,1500	-1,755
29,2000	0,123
29,2500	-1,351
29,3000	-1,137
29,3500	0,035
29,4000	-1,833
29,4500	-0,333
29,5000	-0,614
29,5500	-1,722
29,6000	0,141
29,6500	-1,411
29,7000	-1,067
29,7500	-0,002
29,8000	-1,849
29,8500	-0,272
29,9000	-0,680
29,9500	-1,682
30,0000	0,154
30,0500	-1,466
30,1000	-0,997
30,1500	-0,044
30,2000	-1,858
30,2500	-0,214
30,3000	-0,752
30,3500	-1,640
30,4000	0,162
30,4500	-1,521
30,5000	-0,925
30,5500	-0,088
30,6000	-1,865
30,6500	-0,162
30,7000	-0,825
30,7500	-1,596
30,8000	0,167
30,8500	-1,569
30,9000	-0,859
30,9500	-0,134
31,0000	-1,865
31,0500	-0,116
31,1000	-0,888
31,1500	-1,552
31,2000	0,165
31,2500	-1,612
31,3000	-0,800
31,3500	-0,179
31,4000	-1,863
31,4500	-0,075
31,5000	-0,950
31,5500	-1,506
31,6000	0,160
31,6500	-1,649
31,7000	-0,735
31,7500	-0,228
31,8000	-1,857
31,8500	-0,038
31,9000	-1,012
31,9500	-1,459
32,0000	0,152
32,0500	-1,684
32,1000	-0,677
32,1500	-0,275
32,2000	-1,850
32,2500	-0,005
32,3000	-1,067
32,3500	-1,412
32,4000	0,145
32,4500	-1,714
32,5000	-0,624
32,5500	-0,320
32,6000	-1,838
32,6500	0,025
32,7000	-1,115
32,7500	-1,373
32,8000	0,132
32,8500	-1,739
32,9000	-0,578
32,9500	-0,360
33,0000	-1,828
33,0500	0,047
33,1000	-1,156
33,1500	-1,334
33,2000	0,121
33,2500	-1,758
33,3000	-0,539
33,3500	-0,396
33,4000	-1,816
33,4500	0,063
33,5000	-1,195
33,5500	-1,302
33,6000	0,108
33,6500	-1,775
33,7000	-0,501
33,7500	-0,430
33,8000	-1,805
33,8500	0,080
33,9000	-1,233
33,9500	-1,263
34,0000	0,094
34,0500	-1,789
34,1000	-0,463
34,1500	-0,470
34,2000	-1,788
34,2500	0,097
34,3000	-1,271
34,3500	-1,225
34,4000	0,077
34,4500	-1,805
34,5000	-0,423
34,5500	-0,511
34,6000	-1,770
34,6500	0,110
34,7000	-1,312
34,7500	-1,184
34,8000	0,060
34,8500	-1,819
34,9000	-0,383
34,9500	-0,551
35,0000	-1,753
35,0500	0,124
35,1000	-1,348
35,1500	-1,147
35,2000	0,039
35,2500	-1,830
35,3000	-0,346
35,3500	-0,591
35,4000	-1,733
35,4500	0,137
35,5000	-1,387
35,5500	-1,098
35,6000	0,016
35,6500	-1,841
35,7000	-0,303
35,7500	-0,642
35,8000	-1,704
35,8500	0,146
35,9000	-1,431
35,9500	-1,043
36,0000	-0,014
36,0500	-1,852
36,1000	-0,256
36,1500	-0,697
36,2000	-1,673
36,2500	0,156
36,3000	-1,475
36,3500	-0,993
36,4000	-0,046
36,4500	-1,858
36,5000	-0,217
36,5500	-0,745
36,6000	-1,648
36,6500	0,163
36,7000	-1,510
36,7500	-0,949
36,8000	-0,074
36,8500	-1,863
36,9000	-0,184
36,9500	-0,787
37,0000	-1,619
37,0500	0,163
37,1000	-1,541
37,1500	-0,906
37,2000	-0,102
37,2500	-1,866
37,3000	-0,152
37,3500	-0,836
37,4000	-1,590
37,4500	0,167
37,5000	-1,574
37,5500	-0,859
37,6000	-0,135
37,6500	-1,866
37,7000	-0,116
37,7500	-0,884
37,8000	-1,555
37,8500	0,165
37,9000	-1,607
37,9500	-0,809
38,0000	-0,173
38,0500	-1,863
38,1000	-0,082
38,1500	-0,936
38,2000	-1,516
38,2500	0,162
38,3000	-1,640
38,3500	-0,752
38,4000	-0,214
38,4500	-1,858
38,5000	-0,049
38,5500	-0,993
38,6000	-1,475
38,6500	0,156
38,7000	-1,673
38,7500	-0,701
38,8000	-0,256
38,8500	-1,852
38,9000	-0,014
38,9500	-1,043
39,0000	-1,431
39,0500	0,148
39,1000	-1,704
39,1500	-0,646
39,2000	-0,302
39,2500	-1,843
39,3000	0,016
39,3500	-1,096
39,4000	-1,387
39,4500	0,135
39,5000	-1,729
39,5500	-0,595
39,6000	-0,344
39,6500	-1,833
39,7000	0,038
39,7500	-1,142
39,8000	-1,346
39,8500	0,124
39,9000	-1,753
39,9500	-0,550
40,0000	-0,390
40,0500	-1,819
40,1000	0,060
40,1500	-1,189
40,2000	-1,304
40,2500	0,110
40,3000	-1,773
40,3500	-0,503
40,4000	-0,430
40,4500	-1,803
40,5000	0,082
40,5500	-1,235
40,6000	-1,258
40,6500	0,093
40,7000	-1,792
40,7500	-0,454
40,8000	-0,479
40,8500	-1,783
40,9000	0,102
40,9500	-1,282
41,0000	-1,211
41,0500	0,071
41,1000	-1,811
41,1500	-0,407
41,2000	-0,528
41,2500	-1,761
41,3000	0,118
41,3500	-1,330
41,4000	-1,159
41,4500	0,047
41,5000	-1,827
41,5500	-0,357
41,6000	-0,581
41,6500	-1,737
41,7000	0,134
41,7500	-1,379
41,8000	-1,107
41,8500	0,020
41,9000	-1,839
41,9500	-0,313
42,0000	-0,631
42,0500	-1,712
42,1000	0,146
42,1500	-1,420
42,2000	-1,057
42,2500	-0,005
42,3000	-1,849
42,3500	-0,272
42,4000	-0,679
42,4500	-1,685
42,5000	0,154
42,5500	-1,456
42,6000	-1,013
42,6500	-0,031
42,7000	-1,857
42,7500	-0,236
42,8000	-0,719
42,8500	-1,662
42,9000	0,159
42,9500	-1,488
43,0000	-0,974
43,0500	-0,055
43,1000	-1,861
43,1500	-0,207
43,2000	-0,756
43,2500	-1,640
43,3000	0,163
43,3500	-1,514
43,4000	-0,941
43,4500	-0,075
43,5000	-1,863
43,5500	-0,182
43,6000	-0,790
43,6500	-1,621
43,7000	0,165
43,7500	-1,536
43,8000	-0,911
43,8500	-0,094
43,9000	-1,865
43,9500	-0,165
44,0000	-0,815
44,0500	-1,607
44,1000	0,167
44,1500	-1,552
44,2000	-0,892
44,2500	-0,110
44,3000	-1,865
44,3500	-0,148
44,4000	-0,839
44,4500	-1,588
44,5000	0,165
44,5500	-1,571
44,6000	-0,862
44,6500	-0,130
44,7000	-1,866
44,7500	-0,123
44,8000	-0,875
44,8500	-1,565
44,9000	0,165
44,9500	-1,596
45,0000	-0,825
45,0500	-0,157
45,1000	-1,865
45,1500	-0,099
45,2000	-0,909
45,2500	-1,539
45,3000	0,163
45,3500	-1,619
45,4000	-0,790
45,4500	-0,185
45,5000	-1,863
45,5500	-0,075
45,6000	-0,947
45,6500	-1,511
45,7000	0,162
45,7500	-1,641
45,8000	-0,751
45,8500	-0,212
45,9000	-1,858
45,9500	-0,050
46,0000	-0,986
46,0500	-1,483
46,1000	0,157
46,1500	-1,663
46,2000	-0,716
46,2500	-0,240
46,3000	-1,855
46,3500	-0,031
46,4000	-1,018
46,4500	-1,456
46,5000	0,152
46,5500	-1,682
46,6000	-0,683
46,6500	-0,267
46,7000	-1,850
46,7500	-0,013
46,8000	-1,051
46,8500	-1,428
46,9000	0,146
46,9500	-1,703
47,0000	-0,646
47,0500	-0,298
47,1000	-1,844
47,1500	0,009
47,2000	-1,090
47,2500	-1,393
47,3000	0,138
47,3500	-1,723
47,4000	-0,603
47,4500	-0,336
47,5000	-1,833
47,5500	0,030
47,6000	-1,129
47,6500	-1,362
47,7000	0,129
47,7500	-1,742
47,8000	-0,573
47,8500	-0,363
47,9000	-1,828
47,9500	0,046
48,0000	-1,155
48,0500	-1,338
48,1000	0,123
48,1500	-1,753
48,2000	-0,548
48,2500	-0,383
48,3000	-1,821
48,3500	0,057
48,4000	-1,181
48,4500	-1,315
48,5000	0,113
48,5500	-1,767
48,6000	-0,517
48,6500	-0,413
48,7000	-1,808
48,7500	0,071
48,8000	-1,213
48,8500	-1,286
48,9000	0,102
48,9500	-1,780
49,0000	-0,485
49,0500	-0,445
49,1000	-1,797
49,1500	0,085
49,2000	-1,243
49,2500	-1,255
49,3000	0,093
49,3500	-1,792
49,4000	-0,459
49,4500	-0,470
49,5000	-1,788
49,5500	0,097
49,6000	-1,266
49,6500	-1,232
49,7000	0,083
49,7500	-1,800
49,8000	-0,440
49,8500	-0,489
49,9000	-1,778
49,9500	0,101
50,0000	-1,285
50,0500	-1,216
50,1000	0,074
50,1500	-1,806
50,2000	-0,419
50,2500	-0,512
50,3000	-1,770
50,3500	0,112
50,4000	-1,308
50,4500	-1,189
50,5000	0,061
50,5500	-1,817
50,6000	-0,391
50,6500	-0,542
50,7000	-1,756
50,7500	0,121
50,8000	-1,337
50,8500	-1,156
50,9000	0,046
50,9500	-1,825
51,0000	-0,360
51,0500	-0,573
51,1000	-1,740
51,1500	0,130
51,2000	-1,367
51,2500	-1,126
51,3000	0,031
51,3500	-1,833
51,4000	-0,333
51,4500	-0,603
51,5000	-1,726
51,5500	0,138
51,6000	-1,392
51,6500	-1,093
51,7000	0,014
51,7500	-1,843
51,8000	-0,303
51,8500	-0,639
51,9000	-1,706
51,9500	0,146
52,0000	-1,425
52,0500	-1,056
52,1000	-0,008
52,1500	-1,849
52,2000	-0,270
52,2500	-0,679
52,3000	-1,685
52,3500	0,154
52,4000	-1,458
52,4500	-1,015
52,5000	-0,030
52,5500	-1,855
52,6000	-0,237
52,6500	-0,719
52,7000	-1,662
52,7500	0,160
52,8000	-1,489
52,8500	-0,975
52,9000	-0,057
52,9500	-1,861
53,0000	-0,206
53,0500	-0,759
53,1000	-1,638
53,1500	0,163
53,2000	-1,519
53,2500	-0,935
53,3000	-0,080
53,3500	-1,865
53,4000	-0,176
53,4500	-0,801
53,5000	-1,613
53,5500	0,165
53,6000	-1,547
53,6500	-0,898
53,7000	-0,107
53,7500	-1,865
53,8000	-0,148
53,8500	-0,836
53,9000	-1,588
53,9500	0,167
54,0000	-1,572
54,0500	-0,859
54,1000	-0,132
54,1500	-1,866
54,2000	-0,119
54,2500	-0,878
54,3000	-1,560
54,3500	0,167
54,4000	-1,601
54,4500	-0,818
54,5000	-0,165
54,5500	-1,865
54,6000	-0,093
54,6500	-0,917
54,7000	-1,532
54,7500	0,163
54,8000	-1,626
54,8500	-0,782
54,9000	-0,190
54,9500	-1,863
55,0000	-0,069
55,0500	-0,952
55,1000	-1,505
55,1500	0,160
55,2000	-1,645
55,2500	-0,749
55,3000	-0,214
55,3500	-1,860
55,4000	-0,052
55,4500	-0,983
55,5000	-1,481
55,5500	0,157
55,6000	-1,663
55,6500	-0,718
55,7000	-0,240
55,7500	-1,857
55,8000	-0,031
55,8500	-1,015
55,9000	-1,458
55,9500	0,154
56,0000	-1,681
56,0500	-0,688
56,1000	-0,264
56,1500	-1,852
56,2000	-0,016
56,2500	-1,040
56,3000	-1,434
56,3500	0,148
56,4000	-1,698
56,4500	-0,658
56,5000	-0,291
56,5500	-1,846
56,6000	0,005
56,6500	-1,078
56,7000	-1,404
56,7500	0,141
56,8000	-1,718
56,8500	-0,619
56,9000	-0,325
56,9500	-1,838
57,0000	0,025
57,0500	-1,117
57,1000	-1,368
57,1500	0,132
57,2000	-1,740
57,2500	-0,576
57,3000	-0,363
57,3500	-1,827
57,4000	0,049
57,4500	-1,159
57,5000	-1,327
57,5500	0,119
57,6000	-1,761
57,6500	-0,533
57,7000	-0,401
57,7500	-1,816
57,8000	0,066
57,8500	-1,199
57,9000	-1,293
57,9500	0,107
58,0000	-1,777
58,0500	-0,495
58,1000	-0,440
58,1500	-1,802
58,2000	0,082
58,2500	-1,238
58,3000	-1,257
58,3500	0,091
58,4000	-1,792
58,4500	-0,456
58,5000	-0,478
58,5500	-1,786
58,6000	0,097
58,6500	-1,275
58,7000	-1,214
58,7500	0,075
58,8000	-1,808
58,8500	-0,415
58,9000	-0,522
58,9500	-1,767
59,0000	0,115
59,0500	-1,319
59,1000	-1,170
59,1500	0,055
59,2000	-1,822
59,2500	-0,371
59,3000	-0,567
59,3500	-1,744
59,4000	0,129
59,4500	-1,367
59,5000	-1,122
59,5500	0,030
59,6000	-1,835
59,6500	-0,327
59,7000	-0,614
59,7500	-1,722
59,8000	0,141
59,8500	-1,404
59,9000	-1,078
59,9500	0,008
60,0000	-1,844
60,0500	-0,291
60,1000	-0,652
60,1500	-1,701
60,2000	0,148
60,2500	-1,431
60,3000	-1,045
60,3500	-0,013
60,4000	-1,850
60,4500	-0,264
60,5000	-0,683
60,5500	-1,684
60,6000	0,152
60,6500	-1,455
60,7000	-1,018
60,7500	-0,027
60,8000	-1,854
60,8500	-0,247
60,9000	-0,708
60,9500	-1,673
61,0000	0,156
61,0500	-1,469
61,1000	-1,002
61,1500	-0,036
61,2000	-1,855
61,2500	-0,237
61,3000	-0,715
61,3500	-1,667
61,4000	0,157
61,4500	-1,475
61,5000	-0,994
61,5500	-0,038
61,6000	-1,855
61,6500	-0,232

