Winkelposition, Messreihe #2
Zeit ( s )	Winkelposition ( rad )
0,0000	0,405
0,0500	-0,925
0,1000	-1,175
0,1500	0,090
0,2000	0,690
0,2500	-0,272
0,3000	-1,304
0,3500	-0,580
0,4000	0,606
0,4500	0,346
0,5000	-0,994
0,5500	-1,128
0,6000	0,171
0,6500	0,671
0,7000	-0,369
0,7500	-1,313
0,8000	-0,484
0,8500	0,641
0,9000	0,272
0,9500	-1,063
1,0000	-1,068
1,0500	0,253
1,1000	0,647
1,1500	-0,470
1,2000	-1,313
1,2500	-0,385
1,3000	0,668
1,3500	0,187
1,4000	-1,131
1,4500	-0,993
1,5000	0,336
1,5500	0,611
1,6000	-0,578
1,6500	-1,304
1,7000	-0,276
1,7500	0,690
1,8000	0,090
1,8500	-1,188
1,9000	-0,909
1,9500	0,412
2,0000	0,565
2,0500	-0,682
2,1000	-1,282
2,1500	-0,170
2,2000	0,697
2,2500	-0,006
2,3000	-1,235
2,3500	-0,822
2,4000	0,478
2,4500	0,512
2,5000	-0,782
2,5500	-1,247
2,6000	-0,061
2,6500	0,701
2,7000	-0,119
2,7500	-1,272
2,8000	-0,718
2,8500	0,543
2,9000	0,441
2,9500	-0,886
3,0000	-1,199
3,0500	0,052
3,1000	0,694
3,1500	-0,237
3,2000	-1,299
3,2500	-0,605
3,3000	0,597
3,3500	0,361
3,4000	-0,982
3,4500	-1,136
3,5000	0,159
3,5500	0,675
3,6000	-0,358
3,6500	-1,312
3,7000	-0,493
3,7500	0,639
3,8000	0,275
3,8500	-1,062
3,9000	-1,068
3,9500	0,253
4,0000	0,647
4,0500	-0,473
4,1000	-1,313
4,1500	-0,377
4,2000	0,669
4,2500	0,176
4,3000	-1,139
4,3500	-0,982
4,4000	0,350
4,4500	0,603
4,5000	-0,603
4,5500	-1,299
4,6000	-0,243
4,6500	0,693
4,7000	0,052
4,7500	-1,208
4,8000	-0,870
4,8500	0,446
4,9000	0,537
4,9500	-0,741
5,0000	-1,261
5,0500	-0,101
5,1000	0,701
5,1500	-0,086
5,2000	-1,264
5,2500	-0,745
5,3000	0,531
5,3500	0,454
5,4000	-0,875
5,4500	-1,205
5,5000	0,046
5,5500	0,694
5,6000	-0,245
5,6500	-1,301
5,7000	-0,589
5,7500	0,605
5,8000	0,339
5,8500	-1,005
5,9000	-1,114
5,9500	0,198
6,0000	0,663
6,0500	-0,421
6,1000	-1,315
6,1500	-0,418
6,2000	0,661
6,2500	0,201
6,3000	-1,125
6,3500	-0,996
6,4000	0,339
6,4500	0,605
6,5000	-0,598
6,5500	-1,299
6,6000	-0,240
6,6500	0,694
6,7000	0,039
6,7500	-1,216
6,8000	-0,853
6,8500	0,462
6,9000	0,520
6,9500	-0,773
7,0000	-1,249
7,0500	-0,058
7,1000	0,701
7,1500	-0,140
7,2000	-1,282
7,2500	-0,686
7,3000	0,565
7,3500	0,408
7,4000	-0,935
7,4500	-1,166
7,5000	0,118
7,5500	0,682
7,6000	-0,331
7,6500	-1,312
7,7000	-0,504
7,7500	0,639
7,8000	0,265
7,8500	-1,076
7,9000	-1,049
7,9500	0,281
8,0000	0,631
8,0500	-0,528
8,1000	-1,308
8,1500	-0,309
8,2000	0,685
8,2500	0,101
8,3000	-1,188
8,3500	-0,905
8,4000	0,424
8,4500	0,551
8,5000	-0,719
8,5500	-1,268
8,6000	-0,110
8,6500	0,702
8,7000	-0,091
8,7500	-1,268
8,8000	-0,729
8,8500	0,542
8,9000	0,434
8,9500	-0,903
9,0000	-1,183
9,0500	0,086
9,1000	0,686
9,1500	-0,302
9,2000	-1,308
9,2500	-0,529
9,3000	0,630
9,3500	0,284
9,4000	-1,060
9,4500	-1,063
9,5000	0,267
9,5500	0,638
9,6000	-0,514
9,6500	-1,310
9,7000	-0,319
9,7500	0,683
9,8000	0,105
9,8500	-1,184
9,9000	-0,905
9,9500	0,423
10,0000	0,550
10,0500	-0,724
10,1000	-1,266
10,1500	-0,105
10,2000	0,701
10,2500	-0,096
10,3000	-1,269
10,3500	-0,724
10,4000	0,545
10,4500	0,430
10,5000	-0,909
10,5500	-1,183
10,6000	0,093
10,6500	0,686
10,7000	-0,306
10,7500	-1,308
10,8000	-0,526
10,8500	0,630
10,9000	0,284
10,9500	-1,060
11,0000	-1,063
11,0500	0,264
11,1000	0,639
11,1500	-0,504
11,2000	-1,312
11,2500	-0,333
11,3000	0,682
11,3500	0,123
11,4000	-1,175
11,4500	-0,925
11,5000	0,405
11,5500	0,564
11,6000	-0,693
11,6500	-1,279
11,7000	-0,146
11,7500	0,699
11,8000	-0,044
11,8500	-1,252
11,9000	-0,779
11,9500	0,509
12,0000	0,476
12,0500	-0,837
12,1000	-1,221
12,1500	0,006
12,2000	0,699
12,2500	-0,199
12,3000	-1,293
12,3500	-0,636
12,4000	0,586
12,4500	0,379
12,5000	-0,968
12,5500	-1,145
12,6000	0,148
12,6500	0,677
12,7000	-0,358
12,7500	-1,313
12,8000	-0,485
12,8500	0,642
12,9000	0,259
12,9500	-1,078
13,0000	-1,049
13,0500	0,276
13,1000	0,635
13,1500	-0,514
13,2000	-1,310
13,2500	-0,331
13,3000	0,679
13,3500	0,132
13,4000	-1,167
13,4500	-0,941
13,5000	0,390
13,5500	0,578
13,6000	-0,663
13,6500	-1,286
13,7000	-0,181
13,7500	0,699
13,8000	-0,009
13,8500	-1,238
13,9000	-0,809
13,9500	0,490
14,0000	0,495
14,0500	-0,812
14,1000	-1,232
14,1500	-0,016
14,2000	0,699
14,2500	-0,182
14,3000	-1,291
14,3500	-0,649
14,4000	0,581
14,4500	0,380
14,5000	-0,966
14,5500	-1,145
14,6000	0,154
14,6500	0,674
14,7000	-0,371
14,7500	-1,313
14,8000	-0,465
14,8500	0,650
14,9000	0,236
14,9500	-1,100
15,0000	-1,024
15,0500	0,308
15,1000	0,620
15,1500	-0,561
15,2000	-1,304
15,2500	-0,280
15,3000	0,688
15,3500	0,079
15,4000	-1,197
15,4500	-0,889
15,5000	0,435
15,5500	0,545
15,6000	-0,732
15,6500	-1,264
15,7000	-0,102
15,7500	0,701
15,8000	-0,094
15,8500	-1,268
15,9000	-0,730
15,9500	0,540
16,0000	0,437
16,0500	-0,897
16,1000	-1,189
16,1500	0,075
16,2000	0,690
16,2500	-0,283
16,3000	-1,307
16,3500	-0,551
16,4000	0,624
16,4500	0,306
16,5000	-1,041
16,5500	-1,084
16,6000	0,240
16,6500	0,649
16,7000	-0,476
16,7500	-1,313
16,8000	-0,361
16,8500	0,674
16,9000	0,151
16,9500	-1,158
17,0000	-0,949
17,0500	0,383
17,1000	0,578
17,1500	-0,663
17,2000	-1,285
17,2500	-0,171
17,3000	0,699
17,3500	-0,028
17,4000	-1,247
17,4500	-0,789
17,5000	0,507
17,5500	0,476
17,6000	-0,845
17,6500	-1,216
17,7000	0,024
17,7500	0,697
17,8000	-0,229
17,8500	-1,299
17,9000	-0,598
17,9500	0,603
18,0000	0,341
18,0500	-1,008
18,1000	-1,109
18,1500	0,206
18,2000	0,658
18,2500	-0,440
18,3000	-1,313
18,3500	-0,393
18,4000	0,669
18,4500	0,171
18,5000	-1,148
18,5500	-0,963
18,6000	0,375
18,6500	0,581
18,7000	-0,660
18,7500	-1,285
18,8000	-0,167
18,8500	0,701
18,9000	-0,039
18,9500	-1,252
19,0000	-0,770
19,0500	0,520
19,1000	0,457
19,1500	-0,877
19,2000	-1,199
19,2500	0,064
19,3000	0,690
19,3500	-0,284
19,4000	-1,307
19,4500	-0,539
19,5000	0,628
19,5500	0,284
19,6000	-1,065
19,6500	-1,057
19,7000	0,278
19,7500	0,631
19,8000	-0,537
19,8500	-1,307
19,9000	-0,289
19,9500	0,688
20,0000	0,071
20,0500	-1,203
20,1000	-0,870
20,1500	0,454
20,2000	0,525
20,2500	-0,773
20,3000	-1,247
20,3500	-0,047
20,4000	0,701
20,4500	-0,165
20,5000	-1,290
20,5500	-0,650
20,6000	0,586
20,6500	0,369
20,7000	-0,983
20,7500	-1,128
20,8000	0,185
20,8500	0,664
20,9000	-0,426
20,9500	-1,315
21,0000	-0,401
21,0500	0,669
21,1000	0,170
21,1500	-1,150
21,2000	-0,958
21,2500	0,382
21,3000	0,575
21,3500	-0,674
21,4000	-1,280
21,4500	-0,148
21,5000	0,701
21,5500	-0,066
21,6000	-1,261
21,6500	-0,743
21,7000	0,539
21,7500	0,435
21,8000	-0,908
21,8500	-1,180
21,9000	0,101
21,9500	0,683
22,0000	-0,330
22,0500	-1,312
22,1000	-0,492
22,1500	0,646
22,2000	0,242
22,2500	-1,098
22,3000	-1,019
22,3500	0,320
22,4000	0,609
22,4500	-0,597
22,5000	-1,297
22,5500	-0,226
22,6000	0,696
22,6500	0,008
22,7000	-1,235
22,7500	-0,811
22,8000	0,496
22,8500	0,482
22,9000	-0,842
22,9500	-1,216
23,0000	0,031
23,0500	0,696
23,1000	-0,250
23,1500	-1,304
23,2000	-0,570
23,2500	0,617
23,3000	0,311
23,3500	-1,038
23,4000	-1,082
23,4500	0,242
23,5000	0,646
23,5500	-0,484
23,6000	-1,312
23,6500	-0,352
23,7000	0,679
23,7500	0,138
23,8000	-1,166
23,8500	-0,939
23,9000	0,396
23,9500	0,572
24,0000	-0,679
24,0500	-1,280
24,1000	-0,154
24,1500	0,699
24,2000	-0,047
24,2500	-1,253
24,3000	-0,770
24,3500	0,518
24,4000	0,460
24,4500	-0,867
24,5000	-1,203
24,5500	0,052
24,6000	0,693
24,6500	-0,267
24,7000	-1,305
24,7500	-0,556
24,8000	0,622
24,8500	0,300
24,9000	-1,049
24,9500	-1,071
25,0000	0,262
25,0500	0,638
25,1000	-0,522
25,1500	-1,308
25,2000	-0,303
25,2500	0,686
25,3000	0,079
25,3500	-1,200
25,4000	-0,873
25,4500	0,452
25,5000	0,522
25,5500	-0,781
25,6000	-1,243
25,6500	-0,031
25,7000	0,699
25,7500	-0,193
25,8000	-1,296
25,8500	-0,616
25,9000	0,603
25,9500	0,338
26,0000	-1,019
26,0500	-1,095
26,1000	0,237
26,1500	0,644
26,2000	-0,503
26,2500	-1,310
26,3000	-0,309
26,3500	0,686
26,4000	0,072
26,4500	-1,206
26,5000	-0,859
26,5500	0,467
26,6000	0,506
26,6500	-0,811
26,7000	-1,227
26,7500	0,013
26,8000	0,696
26,8500	-0,251
26,9000	-1,305
26,9500	-0,551
27,0000	0,628
27,0500	0,275
27,1000	-1,079
27,1500	-1,035
27,2000	0,311
27,2500	0,611
27,3000	-0,608
27,3500	-1,294
27,4000	-0,198
27,4500	0,699
27,5000	-0,041
27,5500	-1,255
27,6000	-0,749
27,6500	0,540
27,7000	0,426
27,7500	-0,928
27,8000	-1,161
27,8500	0,140
27,9000	0,674
27,9500	-0,401
28,0000	-1,313
28,0500	-0,401
28,1000	0,671
28,1500	0,143
28,2000	-1,172
28,2500	-0,916
28,3000	0,429
28,3500	0,536
28,4000	-0,770
28,4500	-1,244
28,5000	-0,025
28,5500	0,699
28,6000	-0,221
28,6500	-1,301
28,7000	-0,570
28,7500	0,622
28,8000	0,286
28,8500	-1,071
28,9000	-1,040
28,9500	0,308
29,0000	0,611
29,0500	-0,608
29,1000	-1,294
29,1500	-0,193
29,2000	0,699
29,2500	-0,050
29,3000	-1,260
29,3500	-0,738
29,4000	0,548
29,4500	0,415
29,5000	-0,946
29,5500	-1,151
29,6000	0,163
29,6500	0,666
29,7000	-0,430
29,7500	-1,315
29,8000	-0,369
29,8500	0,679
29,9000	0,113
29,9500	-1,189
30,0000	-0,886
30,0500	0,451
30,1000	0,517
30,1500	-0,800
30,2000	-1,230
30,2500	0,008
30,3000	0,696
30,3500	-0,259
30,4000	-1,307
30,4500	-0,534
30,5000	0,636
30,5500	0,253
30,6000	-1,100
30,6500	-1,012
30,7000	0,341
30,7500	0,594
30,8000	-0,653
30,8500	-1,283
30,9000	-0,145
30,9500	0,702
31,0000	-0,101
31,0500	-1,274
31,1000	-0,690
31,1500	0,573
31,2000	0,375
31,2500	-0,985
31,3000	-1,118
31,3500	0,207
31,4000	0,652
31,4500	-0,482
31,5000	-1,312
31,5500	-0,319
31,6000	0,686
31,6500	0,071
31,7000	-1,211
31,7500	-0,848
31,8000	0,478
31,8500	0,493
31,9000	-0,839
31,9500	-1,213
32,0000	0,047
32,0500	0,691
32,1000	-0,298
32,1500	-1,310
32,2000	-0,503
32,2500	0,646
32,3000	0,231
32,3500	-1,114
32,4000	-0,994
32,4500	0,355
32,5000	0,586
32,5500	-0,664
32,6000	-1,280
32,6500	-0,137
32,7000	0,701
32,7500	-0,102
32,8000	-1,275
32,8500	-0,686
32,9000	0,573
32,9500	0,380
33,0000	-0,982
33,0500	-1,123
33,1000	0,203
33,1500	0,655
33,2000	-0,471
33,2500	-1,312
33,3000	-0,330
33,3500	0,686
33,4000	0,082
33,4500	-1,205
33,5000	-0,859
33,5500	0,470
33,6000	0,501
33,6500	-0,823
33,7000	-1,221
33,7500	0,030
33,8000	0,693
33,8500	-0,276
33,9000	-1,308
33,9500	-0,525
34,0000	0,639
34,0500	0,250
34,1000	-1,100
34,1500	-1,015
34,2000	0,335
34,2500	0,598
34,3000	-0,636
34,3500	-1,288
34,4000	-0,168
34,4500	0,699
34,5000	-0,068
34,5500	-1,264
34,6000	-0,723
34,6500	0,551
34,7000	0,410
34,7500	-0,946
34,8000	-1,150
34,8500	0,157
34,9000	0,669
34,9500	-0,415
35,0000	-1,315
35,0500	-0,391
35,1000	0,672
35,1500	0,141
35,2000	-1,170
35,2500	-0,919
35,3000	0,423
35,3500	0,543
35,4000	-0,752
35,4500	-1,252
35,5000	-0,050
35,5500	0,701
35,6000	-0,188
35,6500	-1,296
35,7000	-0,609
35,7500	0,605
35,8000	0,324
35,8500	-1,035
35,9000	-1,078
35,9500	0,261
36,0000	0,635
36,0500	-0,539
36,1000	-1,305
36,1500	-0,269
36,2000	0,693
36,2500	0,028
36,3000	-1,230
36,3500	-0,812
36,4000	0,501
36,4500	0,471
36,5000	-0,867
36,5500	-1,199
36,6000	0,074
36,6500	0,686
36,7000	-0,319
36,7500	-1,312
36,8000	-0,487
36,8500	0,649
36,9000	0,223
36,9500	-1,117
37,0000	-0,993
37,0500	0,353
37,1000	0,589
37,1500	-0,655
37,2000	-1,282
37,2500	-0,151
37,3000	0,701
37,3500	-0,080
37,4000	-1,268
37,4500	-0,716
37,5000	0,556
37,5500	0,408
37,6000	-0,947
37,6500	-1,150
37,7000	0,157
37,7500	0,669
37,8000	-0,410
37,8500	-1,315
37,9000	-0,401
37,9500	0,669
38,0000	0,156
38,0500	-1,161
38,1000	-0,936
38,1500	0,404
38,2000	0,558
38,2500	-0,716
38,3000	-1,264
38,3500	-0,094
38,4000	0,701
38,4500	-0,129
38,5000	-1,282
38,5500	-0,674
38,6000	0,575
38,6500	0,382
38,7000	-0,974
38,7500	-1,133
38,8000	0,182
38,8500	0,664
38,9000	-0,430
38,9500	-1,313
39,0000	-0,383
39,0500	0,672
39,1000	0,145
39,1500	-1,167
39,2000	-0,928
39,2500	0,410
39,3000	0,556
39,3500	-0,723
39,4000	-1,264
39,4500	-0,091
39,5000	0,701
39,5500	-0,129
39,6000	-1,280
39,6500	-0,677
39,7000	0,575
39,7500	0,385
39,8000	-0,969
39,8500	-1,136
39,9000	0,176
39,9500	0,666
40,0000	-0,421
40,0500	-1,315
40,1000	-0,396
40,1500	0,669
40,2000	0,162
40,2500	-1,155
40,3000	-0,946
40,3500	0,393
40,4000	0,567
40,4500	-0,694
40,5000	-1,274
40,5500	-0,124
40,6000	0,701
40,6500	-0,091
40,7000	-1,269
40,7500	-0,718
40,8000	0,551
40,8500	0,419
40,9000	-0,927
40,9500	-1,169
41,0000	0,121
41,0500	0,680
41,1000	-0,349
41,1500	-1,313
41,2000	-0,474
41,2500	0,649
41,3000	0,234
41,3500	-1,104
41,4000	-1,013
41,4500	0,325
41,5000	0,609
41,5500	-0,598
41,6000	-1,299
41,6500	-0,226
41,7000	0,696
41,7500	0,014
41,8000	-1,230
41,8500	-0,820
41,9000	0,489
41,9500	0,493
42,0000	-0,825
42,0500	-1,225
42,1000	0,008
42,1500	0,697
42,2000	-0,220
42,2500	-1,297
42,3000	-0,603
42,3500	0,603
42,4000	0,338
42,4500	-1,013
42,5000	-1,101
42,5500	0,220
42,6000	0,655
42,6500	-0,462
42,7000	-1,313
42,7500	-0,364
42,8000	0,675
42,8500	0,140
42,9000	-1,169
42,9500	-0,930
43,0000	0,407
43,0500	0,561
43,1000	-0,705
43,1500	-1,271
43,2000	-0,116
43,2500	0,701
43,3000	-0,091
43,3500	-1,269
43,4000	-0,719
43,4500	0,550
43,5000	0,424
43,5500	-0,919
43,6000	-1,172
43,6500	0,112
43,7000	0,682
43,7500	-0,331
43,8000	-1,312
43,8500	-0,493
43,9000	0,642
43,9500	0,251
44,0000	-1,090
44,0500	-1,032
44,1000	0,306
44,1500	0,620
44,2000	-0,565
44,2500	-1,304
44,3000	-0,264
44,3500	0,691
44,4000	0,053
44,4500	-1,211
44,5000	-0,856
44,5500	0,462
44,6000	0,517
44,6500	-0,784
44,7000	-1,243
44,7500	-0,036
44,8000	0,699
44,8500	-0,173
44,9000	-1,290
44,9500	-0,646
45,0000	0,586
45,0500	0,372
45,1000	-0,980
45,1500	-1,131
45,2000	0,178
45,2500	0,666
45,3000	-0,408
45,3500	-1,315
45,4000	-0,418
45,4500	0,663
45,5000	0,190
45,5500	-1,134
45,6000	-0,977
45,6500	0,361
45,7000	0,591
45,7500	-0,641
45,8000	-1,290
45,8500	-0,184
45,9000	0,697
45,9500	-0,025
46,0000	-1,247
46,0500	-0,781
46,1000	0,514
46,1500	0,467
46,2000	-0,864
46,2500	-1,206
46,3000	0,052
46,3500	0,693
46,4000	-0,269
46,4500	-1,305
46,5000	-0,553
46,5500	0,624
46,6000	0,297
46,6500	-1,052
46,7000	-1,067
46,7500	0,265
46,8000	0,636
46,8500	-0,523
46,9000	-1,308
46,9500	-0,300
47,0000	0,688
47,0500	0,082
47,1000	-1,200
47,1500	-0,877
47,2000	0,449
47,2500	0,529
47,3000	-0,768
47,3500	-1,250
47,4000	-0,050
47,4500	0,701
47,5000	-0,160
47,5500	-1,288
47,6000	-0,653
47,6500	0,581
47,7000	0,375
47,7500	-0,975
47,8000	-1,133
47,8500	0,174
47,9000	0,668
47,9500	-0,408
48,0000	-1,315
48,0500	-0,416
48,1000	0,663
48,1500	0,188
48,2000	-1,137
48,2500	-0,975
48,3000	0,364
48,3500	0,589
48,4000	-0,646
48,4500	-1,288
48,5000	-0,181
48,5500	0,697
48,6000	-0,027
48,6500	-1,247
48,7000	-0,779
48,7500	0,514
48,8000	0,465
48,8500	-0,862
48,9000	-1,205
48,9500	0,052
49,0000	0,693
49,0500	-0,267
49,1000	-1,305
49,1500	-0,554
49,2000	0,624
49,2500	0,302
49,3000	-1,049
49,3500	-1,073
49,4000	0,259
49,4500	0,641
49,5000	-0,509
49,5500	-1,310
49,6000	-0,317
49,6500	0,683
49,7000	0,101
49,7500	-1,188
49,8000	-0,897
49,8500	0,432
49,9000	0,543
49,9500	-0,740
50,0000	-1,260
50,0500	-0,082
50,1000	0,701
50,1500	-0,127
50,2000	-1,280
50,2500	-0,685
50,3000	0,567
50,3500	0,399
50,4000	-0,950
50,4500	-1,153
50,5000	0,145
50,5500	0,674
50,6000	-0,375
50,6500	-1,315
50,7000	-0,446
50,7500	0,657
50,8000	0,209
50,8500	-1,122
50,9000	-0,991
50,9500	0,347
51,0000	0,597
51,0500	-0,625
51,1000	-1,293
51,1500	-0,199
51,2000	0,697
51,2500	-0,009
51,3000	-1,241
51,3500	-0,796
51,4000	0,504
51,4500	0,478
51,5000	-0,847
51,5500	-1,214
51,6000	0,033
51,6500	0,694
51,7000	-0,243
51,7500	-1,302
51,8000	-0,578
51,8500	0,614
51,9000	0,319
51,9500	-1,032
52,0000	-1,087
52,0500	0,240
52,1000	0,647
52,1500	-0,485
52,2000	-1,312
52,2500	-0,341
52,3000	0,680
52,3500	0,121
52,4000	-1,180
52,4500	-0,913
52,5000	0,421
52,5500	0,550
52,6000	-0,727
52,6500	-1,264
52,7000	-0,093
52,7500	0,701
52,8000	-0,118
52,8500	-1,277
52,9000	-0,690
52,9500	0,565
53,0000	0,401
53,0500	-0,947
53,1000	-1,151
53,1500	0,146
53,2000	0,674
53,2500	-0,377
53,3000	-1,315
53,3500	-0,443
53,4000	0,658
53,4500	0,206
53,5000	-1,126
53,5500	-0,988
53,6000	0,353
53,6500	0,594
53,7000	-0,636
53,7500	-1,290
53,8000	-0,184
53,8500	0,699
53,9000	-0,031
53,9500	-1,250
54,0000	-0,771
54,0500	0,522
54,1000	0,454
54,1500	-0,881
54,2000	-1,194
54,2500	0,075
54,3000	0,688
54,3500	-0,300
54,4000	-1,310
54,4500	-0,517
54,5000	0,636
54,5500	0,264
54,6000	-1,082
54,6500	-1,037
54,7000	0,305
54,7500	0,619
54,8000	-0,573
54,8500	-1,302
54,9000	-0,247
54,9500	0,693
55,0000	0,028
55,0500	-1,225
55,1000	-0,826
55,1500	0,487
55,2000	0,493
55,2500	-0,828
55,3000	-1,221
55,3500	0,020
55,4000	0,696
55,4500	-0,242
55,5000	-1,302
55,5500	-0,569
55,6000	0,620
55,6500	0,303
55,7000	-1,051
55,7500	-1,068
55,8000	0,270
55,8500	0,635
55,9000	-0,534
55,9500	-1,307
56,0000	-0,284
56,0500	0,690
56,1000	0,061
56,1500	-1,211
56,2000	-0,855
56,2500	0,467
56,3000	0,511
56,3500	-0,798
56,4000	-1,235
56,4500	-0,013
56,5000	0,697
56,5500	-0,207
56,6000	-1,297
56,6500	-0,605
56,7000	0,605
56,7500	0,331
56,8000	-1,023
56,8500	-1,095
56,9000	0,234
56,9500	0,649
57,0000	-0,484
57,0500	-1,312
57,1000	-0,338
57,1500	0,682
57,2000	0,118
57,2500	-1,180
57,3000	-0,909
57,3500	0,423
57,4000	0,548
57,4500	-0,727
57,5000	-1,263
57,5500	-0,091
57,6000	0,702
57,6500	-0,119
57,7000	-1,277
57,7500	-0,691
57,8000	0,565
57,8500	0,402
57,9000	-0,947
57,9500	-1,153
58,0000	0,148
58,0500	0,674
58,1000	-0,379
58,1500	-1,315
58,2000	-0,445
58,2500	0,657
58,3000	0,209
58,3500	-1,123
58,4000	-0,990
58,4500	0,350
58,5000	0,595
58,5500	-0,630
58,6000	-1,290
58,6500	-0,190
58,7000	0,699
58,7500	-0,024
58,8000	-1,247
58,8500	-0,781
58,9000	0,515
58,9500	0,463
59,0000	-0,870
59,0500	-1,200
59,1000	0,063
59,1500	0,691
59,2000	-0,286
59,2500	-1,307
59,3000	-0,533
59,3500	0,631
59,4000	0,280
59,4500	-1,068
59,5000	-1,051
59,5500	0,286
59,6000	0,627
59,6500	-0,550
59,7000	-1,305
59,7500	-0,272
59,8000	0,691
59,8500	0,053
59,9000	-1,214
59,9500	-0,851
60,0000	0,470
60,0500	0,512
60,1000	-0,798
60,1500	-1,236
60,2000	-0,016
60,2500	0,699
60,3000	-0,198
60,3500	-1,294
60,4000	-0,617
60,4500	0,597
60,5000	0,349
60,5500	-1,002
60,6000	-1,111
60,6500	0,209
60,7000	0,657
60,7500	-0,448
60,8000	-1,315
60,8500	-0,377
60,9000	0,674
60,9500	0,152
61,0000	-1,159
61,0500	-0,942
61,1000	0,396
61,1500	0,570
61,2000	-0,685
61,2500	-1,277
61,3000	-0,138
61,3500	0,701
61,4000	-0,071
61,4500	-1,263
61,5000	-0,738
61,5500	0,540
61,6000	0,435
61,6500	-0,905
61,7000	-1,180
61,7500	0,099
61,8000	0,683
61,8500	-0,327
61,9000	-1,313
61,9500	-0,490
62,0000	0,646
62,0500	0,243
62,1000	-1,101
62,1500	-1,018
62,2000	0,325
62,2500	0,609
62,3000	-0,602
62,3500	-1,296
62,4000	-0,218
62,4500	0,696
62,5000	0,002
62,5500	-1,238
62,6000	-0,801
62,6500	0,503
62,7000	0,476
62,7500	-0,850
62,8000	-1,211
62,8500	0,042
62,9000	0,693
62,9500	-0,265
63,0000	-1,305
63,0500	-0,550
63,1000	0,627
63,1500	0,291
63,2000	-1,062
63,2500	-1,057
63,3000	0,281
63,3500	0,630
63,4000	-0,547
63,4500	-1,305
63,5000	-0,272
63,5500	0,690
63,6000	0,049
63,6500	-1,216
63,7000	-0,844
63,7500	0,474
63,8000	0,504
63,8500	-0,811
63,9000	-1,228
63,9500	0,002
64,0000	0,697
64,0500	-0,223
64,1000	-1,301
64,1500	-0,589
64,2000	0,611
64,2500	0,319
64,3000	-1,035
64,3500	-1,082
64,4000	0,251
64,4500	0,641
64,5000	-0,509
64,5500	-1,310
64,6000	-0,311
64,6500	0,686
64,7000	0,088
64,7500	-1,197
64,8000	-0,880
64,8500	0,448
64,9000	0,528
64,9500	-0,768
65,0000	-1,247
65,0500	-0,046
65,1000	0,701
65,1500	-0,168
65,2000	-1,290
65,2500	-0,644
65,3000	0,587
65,3500	0,366
65,4000	-0,988
65,4500	-1,123
65,5000	0,195
65,5500	0,661
65,6000	-0,435
65,6500	-1,315
65,7000	-0,386
65,7500	0,671
65,8000	0,157
65,8500	-1,158
65,9000	-0,942
65,9500	0,394
66,0000	0,569
66,0500	-0,693
66,1000	-1,274
66,1500	-0,124
66,2000	0,701
66,2500	-0,090
66,3000	-1,271
66,3500	-0,715
66,4000	0,553
66,4500	0,416
66,5000	-0,931
66,5500	-1,162
66,6000	0,132
66,6500	0,677
66,7000	-0,366
66,7500	-1,313
66,8000	-0,451
66,8500	0,655
66,9000	0,210
66,9500	-1,123
67,0000	-0,990
67,0500	0,352
67,1000	0,595
67,1500	-0,635
67,2000	-1,288
67,2500	-0,185
67,3000	0,697
67,3500	-0,028
67,4000	-1,250
67,4500	-0,773
67,5000	0,520
67,5500	0,457
67,6000	-0,880
67,6500	-1,195
67,7000	0,074
67,7500	0,690
67,8000	-0,297
67,8500	-1,308
67,9000	-0,518
67,9500	0,636
68,0000	0,267
68,0500	-1,079
68,1000	-1,038
68,1500	0,300
68,2000	0,620
68,2500	-0,569
68,3000	-1,302
68,3500	-0,251
68,4000	0,693
68,4500	0,033
68,5000	-1,224
68,5500	-0,829
68,6000	0,484
68,6500	0,496
68,7000	-0,823
68,7500	-1,224
68,8000	0,016
68,8500	0,696
68,9000	-0,236
68,9500	-1,301
69,0000	-0,576
69,0500	0,616
69,1000	0,311
69,1500	-1,041
69,2000	-1,074
69,2500	0,259
69,3000	0,639
69,3500	-0,515
69,4000	-1,310
69,4500	-0,305
69,5000	0,686
69,5500	0,083
69,6000	-1,200
69,6500	-0,875
69,7000	0,452
69,7500	0,525
69,8000	-0,776
69,8500	-1,246
69,9000	-0,036
69,9500	0,699
70,0000	-0,181
70,0500	-1,291
70,1000	-0,631
70,1500	0,594
70,2000	0,355
70,2500	-0,999
70,3000	-1,112
70,3500	0,209
70,4000	0,657
70,4500	-0,456
70,5000	-1,313
70,5500	-0,361
70,6000	0,677
70,6500	0,132
70,7000	-1,175
70,7500	-0,917
70,8000	0,419
70,8500	0,550
70,9000	-0,732
70,9500	-1,261
71,0000	-0,082
71,0500	0,701
71,1000	-0,135
71,1500	-1,282
71,2000	-0,672
71,2500	0,575
71,3000	0,385
71,3500	-0,968
71,4000	-1,137
71,4500	0,173
71,5000	0,668
71,5500	-0,413
71,6000	-1,315
71,6500	-0,404
71,7000	0,668
71,7500	0,170
71,8000	-1,151
71,8500	-0,952
71,9000	0,390
71,9500	0,572
72,0000	-0,688
72,0500	-1,277
72,1000	-0,129
72,1500	0,701
72,2000	-0,085
72,2500	-1,268
72,3000	-0,719
72,3500	0,550

